kohde;jasen;pvknro;sp;ASALUE;IKAL1;V1;V5;V7;V21;V22;V27;V32;V33;V40;V68;V69;V70;V75;H1a_A;H1b_A;H1g_A;H1h_A;H1i_A
50002;1;1;1;1.0;6;0;0;0;0;0;0;560;50;0;0;0;210;0;2.0;2.0;1.0;1.0;1.0
50002;1;2;1;1.0;6;380;10;0;0;0;0;450;70;0;10;0;130;0;2.0;2.0;1.0;1.0;1.0
50003;1;1;2;2.0;5;0;60;?;50;0;0;470;90;0;30;0;180;0;2.0;1.0;1.0;1.0;1.0
50003;1;2;2;2.0;5;0;50;10;50;0;50;550;180;0;0;0;90;0;2.0;1.0;1.0;1.0;1.0
50004;2;1;1;1.0;7;640;0;?;0;0;0;410;30;0;0;0;60;0;2.0;1.0;2.0;1.0;1.0
50004;2;2;1;1.0;7;0;10;0;0;0;0;550;70;0;70;0;180;0;2.0;1.0;2.0;1.0;1.0
50005;1;1;2;1.0;6;0;80;40;0;0;0;540;100;0;40;80;140;120;2.0;2.0;1.0;2.0;2.0
50005;1;2;2;1.0;6;0;40;0;0;0;0;550;80;0;50;50;120;130;2.0;2.0;1.0;2.0;2.0
50006;1;1;2;2.0;4;0;60;50;70;90;0;540;60;0;0;0;160;10;2.0;1.0;1.0;1.0;2.0
50006;1;2;2;2.0;4;0;30;40;40;40;10;530;90;0;60;0;60;10;2.0;1.0;1.0;1.0;2.0
50014;2;1;1;1.0;7;0;50;0;0;0;40;540;100;0;160;0;90;30;2.0;1.0;1.0;1.0;2.0
50014;2;2;1;1.0;7;0;0;0;0;0;0;440;150;0;60;0;110;30;2.0;1.0;1.0;1.0;2.0
50016;1;1;1;1.0;8;270;10;0;0;0;20;660;50;0;0;0;170;30;2.0;2.0;2.0;2.0;2.0
50017;1;1;1;2.0;7;0;60;0;0;0;20;420;50;0;150;0;220;0;2.0;1.0;2.0;1.0;2.0
50017;1;2;1;2.0;7;0;40;0;0;0;90;510;80;0;40;0;240;0;2.0;1.0;2.0;1.0;2.0
50020;1;1;2;2.0;4;0;30;50;120;20;50;520;110;0;0;0;40;0;2.0;2.0;1.0;1.0;2.0
50020;1;2;2;2.0;4;0;0;0;0;0;0;290;20;0;0;0;0;0;2.0;2.0;1.0;1.0;2.0
50028;1;1;2;1.0;5;0;0;10;20;0;0;630;120;0;30;0;80;0;1.0;2.0;2.0;1.0;1.0
50028;1;2;2;1.0;5;440;0;0;0;0;10;460;140;0;0;0;50;0;1.0;2.0;2.0;1.0;1.0
50030;1;1;1;2.0;6;430;20;0;0;0;10;340;60;0;0;0;240;0;1.0;1.0;2.0;1.0;1.0
50030;1;2;1;2.0;6;0;30;0;0;0;0;570;110;0;70;0;190;0;1.0;1.0;2.0;1.0;1.0
50031;1;1;2;3.0;7;0;60;40;0;0;40;400;40;0;120;0;270;20;2.0;2.0;2.0;2.0;2.0
50031;1;2;2;3.0;7;0;50;0;0;0;0;610;70;0;30;0;320;0;2.0;2.0;2.0;2.0;2.0
50034;1;1;2;1.0;6;440;10;10;0;0;?;530;100;0;50;0;20;0;2.0;1.0;2.0;1.0;2.0
50034;1;2;2;1.0;6;0;100;20;0;0;0;590;210;0;60;0;120;0;2.0;1.0;2.0;1.0;2.0
50050;1;1;2;1.0;7;0;30;20;0;0;20;480;30;0;100;0;170;80;1.0;1.0;2.0;1.0;2.0
50050;1;2;2;1.0;7;420;30;0;0;0;10;420;90;0;90;0;120;0;1.0;1.0;2.0;1.0;2.0
50053;2;1;1;1.0;8;0;40;10;0;0;50;560;150;0;20;0;90;0;2.0;1.0;1.0;1.0;1.0
50053;2;2;1;1.0;8;0;40;0;0;0;30;520;80;0;30;0;260;20;2.0;1.0;1.0;1.0;1.0
50059;2;1;2;1.0;5;0;40;30;50;110;100;610;70;0;10;0;60;0;1.0;2.0;2.0;2.0;2.0
50059;2;2;2;1.0;5;0;20;20;70;130;50;580;100;0;90;0;170;?;1.0;2.0;2.0;2.0;2.0
50061;1;1;1;1.0;7;0;130;20;0;0;0;480;150;0;30;0;120;20;2.0;2.0;2.0;2.0;1.0
50061;1;2;1;1.0;7;0;110;40;0;0;30;550;160;0;?;0;100;0;2.0;2.0;2.0;2.0;1.0
50065;1;1;2;1.0;8;0;90;20;0;0;0;600;90;0;30;0;170;50;2.0;1.0;2.0;1.0;2.0
50065;1;2;2;1.0;8;0;180;0;0;0;40;600;90;0;0;0;50;0;2.0;1.0;2.0;1.0;2.0
50085;2;1;2;1.0;7;0;80;30;0;0;0;550;110;0;90;20;110;0;2.0;2.0;2.0;1.0;2.0
50085;2;2;2;1.0;7;0;60;10;0;0;0;530;90;0;110;0;180;0;2.0;2.0;2.0;1.0;2.0
50090;2;1;1;3.0;8;0;40;10;0;?;0;550;70;0;0;0;210;0;2.0;1.0;2.0;1.0;2.0
50090;2;2;1;3.0;8;0;60;20;0;0;0;490;90;0;0;0;130;0;2.0;1.0;2.0;1.0;2.0
50098;1;1;2;1.0;6;0;180;40;80;0;0;500;40;0;50;0;170;40;1.0;1.0;1.0;2.0;2.0
50098;1;2;2;1.0;6;400;70;0;40;0;60;530;90;0;0;0;0;0;1.0;1.0;1.0;2.0;2.0
50101;1;1;1;1.0;6;0;10;0;0;0;0;610;20;0;0;20;170;0;1.0;2.0;2.0;1.0;1.0
50101;1;2;1;1.0;6;0;0;0;0;0;0;590;50;0;20;40;0;0;1.0;2.0;2.0;1.0;1.0
50111;2;1;1;2.0;7;00:00;00:00;00:00;00:00;00:00;00:20;07:50;01:20;00:00;00:40;00:00;02:20;00:40;1.0;1.0;1.0;1.0;1.0
50111;2;2;1;2.0;7;00:00;00:00;00:00;00:00;00:00;00:00;09:50;01:40;00:00;00:30;00:00;04:20;00:50;1.0;1.0;1.0;1.0;1.0
50114;2;1;2;1.0;5;00:00;01:50;00:10;00:00;00:00;00:40;09:30;02:00;00:00;01:00;00:00;01:40;00:00;1.0;1.0;1.0;1.0;1.0
50114;2;2;2;1.0;5;00:00;01:10;00:30;00:00;00:00;01:30;07:00;01:20;00:00;00:10;00:00;01:00;00:00;1.0;1.0;1.0;1.0;1.0
50115;1;1;2;1.0;7;0;60;50;0;0;20;510;80;0;60;0;150;50;1.0;2.0;1.0;2.0;2.0
50115;1;2;2;1.0;7;0;60;30;0;0;20;510;230;0;140;0;50;0;1.0;2.0;1.0;2.0;2.0
50118;1;1;2;1.0;7;0;40;30;0;0;0;620;70;0;150;0;120;0;1.0;1.0;?;1.0;1.0
50118;1;2;2;1.0;7;0;70;40;0;0;?;520;80;0;50;0;130;0;1.0;1.0;1.0;1.0;1.0
50120;1;1;2;2.0;4;0;100;20;90;0;0;590;60;0;0;0;60;10;2.0;2.0;2.0;1.0;2.0
50120;1;2;2;2.0;4;90;70;20;190;0;0;470;10;0;10;0;20;0;2.0;2.0;2.0;1.0;2.0
50127;1;1;2;1.0;4;04:00;00:10;00:00;00:40;01:00;00:30;07:50;01:30;00:00;01:00;00:00;00:10;00:00;2.0;2.0;1.0;1.0;1.0
50127;1;2;2;1.0;4;06:40;00:40;00:20;01:30;01:30;00:30;07:20;02:00;00:00;00:00;00:00;00:00;00:00;2.0;2.0;1.0;1.0;1.0
50128;2;1;2;1.0;7;430;0;0;0;0;20;350;40;0;10;0;70;0;2.0;2.0;2.0;2.0;2.0
50128;2;2;2;1.0;7;0;30;0;0;0;10;520;70;0;30;0;60;20;2.0;2.0;2.0;2.0;2.0
50132;2;1;2;2.0;8;0;100;80;0;0;40;400;130;0;70;30;0;0;2.0;1.0;1.0;2.0;2.0
50132;2;2;2;2.0;8;0;70;40;0;0;?;640;90;0;30;30;180;0;2.0;1.0;1.0;2.0;2.0
50135;1;1;1;1.0;7;0;0;0;0;0;0;440;150;0;0;0;290;0;2.0;2.0;2.0;2.0;2.0
50137;2;1;2;3.0;4;0;0;0;0;0;20;480;50;0;0;0;170;0;1.0;2.0;2.0;2.0;1.0
50137;2;2;2;3.0;4;0;20;0;0;0;10;670;80;0;20;0;180;0;1.0;2.0;2.0;2.0;1.0
50146;2;1;1;2.0;7;440;20;0;0;0;0;430;?;0;0;0;30;0;1.0;1.0;1.0;1.0;1.0
50146;2;2;1;2.0;7;0;30;0;0;0;0;480;70;0;70;0;280;0;1.0;1.0;?;1.0;1.0
50151;1;1;1;1.0;3;630;100;10;0;0;0;310;100;0;0;70;0;0;1.0;2.0;2.0;2.0;2.0
50151;1;2;1;1.0;3;530;20;0;0;0;0;370;60;0;40;0;40;0;1.0;2.0;2.0;2.0;2.0
50157;2;1;1;3.0;6;0;0;0;0;0;60;460;90;0;30;0;80;0;2.0;2.0;2.0;1.0;2.0
50157;2;2;1;3.0;6;0;50;0;0;0;0;740;80;0;70;0;70;30;2.0;2.0;2.0;1.0;2.0
50159;1;1;1;1.0;3;570;30;0;0;0;80;490;20;0;40;0;90;0;1.0;2.0;1.0;1.0;2.0
50159;1;2;1;1.0;3;0;10;0;0;0;10;650;80;0;0;0;180;0;1.0;2.0;1.0;1.0;2.0
50162;2;1;2;2.0;6;0;30;0;0;0;0;630;90;0;30;0;80;0;60.0;0.0;60.0;0.0;180.0
50162;2;2;2;2.0;6;490;?;0;0;0;0;430;80;0;0;0;70;0;0.0;0.0;60.0;0.0;180.0
50182;1;1;2;3.0;8;0;80;40;0;0;0;600;70;0;10;0;160;0;2.0;2.0;2.0;2.0;2.0
50182;1;2;2;3.0;8;0;70;10;0;0;0;500;50;0;0;0;200;50;2.0;2.0;2.0;2.0;2.0
50197;2;1;2;1.0;4;0;0;0;0;0;0;370;70;0;0;0;20;0;1.0;2.0;2.0;1.0;1.0
50197;2;2;2;1.0;4;730;0;0;0;0;0;410;50;0;30;0;0;0;1.0;2.0;2.0;1.0;1.0
50203;1;1;1;3.0;5;580;0;0;0;0;0;500;120;0;10;0;130;0;2.0;2.0;2.0;1.0;1.0
50203;1;2;1;3.0;5;520;0;0;0;0;0;510;120;0;30;0;160;0;2.0;2.0;2.0;1.0;1.0
50207;2;1;1;2.0;9;0;0;0;0;0;0;470;80;0;10;0;80;0;1.0;2.0;2.0;2.0;2.0
50207;2;2;1;2.0;9;0;0;0;?;0;120;550;110;0;40;0;150;0;1.0;2.0;2.0;2.0;2.0
50208;1;1;1;1.0;5;0;10;0;0;0;20;590;10;0;0;90;0;0;2.0;2.0;2.0;1.0;2.0
50208;1;2;1;1.0;5;0;10;0;0;0;20;510;50;0;0;30;0;0;2.0;2.0;2.0;1.0;2.0
50212;2;1;1;1.0;8;0;20;0;0;0;0;70;20;0;130;0;0;10;2.0;1.0;2.0;2.0;2.0
50212;2;2;1;1.0;8;0;30;10;0;0;20;500;60;0;150;40;90;0;2.0;1.0;2.0;2.0;2.0
50213;1;1;2;1.0;6;430;60;40;0;0;30;420;90;0;0;0;20;0;1.0;1.0;2.0;2.0;1.0
50213;1;2;2;1.0;6;0;80;60;0;0;0;540;90;0;0;0;130;0;1.0;1.0;2.0;2.0;1.0
50214;2;1;2;1.0;5;0;0;0;0;0;100;460;180;0;0;0;280;0;1.0;1.0;2.0;1.0;1.0
50214;2;2;2;1.0;5;510;10;10;0;0;0;430;40;0;0;0;100;0;1.0;1.0;2.0;1.0;1.0
50220;2;1;1;1.0;7;0;0;0;0;0;60;570;170;0;50;0;350;0;2.0;2.0;1.0;2.0;1.0
50220;2;2;1;1.0;7;0;0;0;0;0;0;550;90;0;70;0;280;0;2.0;2.0;1.0;2.0;1.0
50238;1;1;2;3.0;9;0;90;20;0;0;0;480;120;0;140;0;270;0;2.0;2.0;2.0;2.0;2.0
50238;1;2;2;3.0;9;0;100;60;0;0;0;600;120;0;30;0;160;0;2.0;2.0;2.0;2.0;2.0
50239;1;1;1;1.0;8;00:00;00:30;00:10;00:00;00:00;?;06:10;01:00;00:00;09:00;00:00;04:30;00:00;2.0;2.0;2.0;1.0;2.0
50239;1;2;1;1.0;8;?;01:10;00:30;00:00;00:00;00:00;04:50;01:10;00:00;09:50;00:00;04:40;00:00;2.0;2.0;2.0;1.0;2.0
50240;1;1;1;1.0;7;0;10;10;0;0;120;510;70;0;0;0;300;0;2.0;2.0;2.0;1.0;2.0
50240;1;2;1;1.0;7;0;0;10;0;0;70;520;50;0;0;0;120;0;2.0;2.0;2.0;1.0;2.0
50242;1;1;1;1.0;7;0;0;50;0;0;40;510;80;0;20;0;90;0;2.0;1.0;2.0;1.0;2.0
50242;1;2;1;1.0;7;0;60;0;0;0;0;470;70;0;40;0;310;0;2.0;1.0;2.0;1.0;2.0
50253;2;1;2;2.0;6;570;10;0;0;0;10;350;60;0;40;0;180;0;1.0;1.0;1.0;1.0;1.0
50253;2;2;2;2.0;6;0;90;0;20;0;0;450;120;0;60;0;60;0;1.0;1.0;1.0;1.0;1.0
50254;1;1;1;1.0;6;0;90;10;0;0;100;480;40;0;110;0;250;0;1.0;2.0;2.0;1.0;2.0
50254;1;2;1;1.0;6;0;90;10;0;0;30;450;60;0;70;0;130;0;1.0;2.0;2.0;1.0;2.0
50258;2;1;1;1.0;7;0;0;0;0;0;40;540;50;0;0;0;210;0;2.0;2.0;2.0;2.0;2.0
50258;2;2;1;1.0;7;0;10;0;0;0;30;470;70;0;30;0;190;0;2.0;2.0;2.0;2.0;2.0
50266;1;1;1;1.0;4;0;10;0;0;0;60;700;70;0;0;0;320;0;1.0;2.0;2.0;1.0;2.0
50266;1;2;1;1.0;4;560;0;0;?;0;10;450;20;0;0;0;0;0;1.0;2.0;2.0;1.0;2.0
50267;1;1;1;2.0;8;0;70;10;0;0;100;390;90;0;0;0;540;0;2.0;1.0;?;1.0;2.0
50267;1;2;1;2.0;8;0;60;0;0;0;120;270;60;0;0;50;280;0;2.0;1.0;2.0;1.0;2.0
50287;1;1;1;3.0;8;0;0;0;0;0;0;430;100;0;70;0;240;0;2.0;2.0;2.0;2.0;2.0
50287;1;2;1;3.0;8;0;0;0;0;0;0;470;?;0;0;0;150;0;2.0;2.0;2.0;2.0;2.0
50291;1;1;2;3.0;7;0;10;0;0;0;60;470;20;0;70;0;250;10;2.0;1.0;2.0;1.0;2.0
50291;1;2;2;3.0;7;0;50;20;0;0;0;450;120;0;50;0;90;0;2.0;1.0;2.0;1.0;2.0
50306;1;1;2;1.0;5;400;50;0;90;30;20;450;80;0;50;0;70;10;2.0;1.0;1.0;1.0;1.0
50306;1;2;2;1.0;5;0;90;20;50;40;20;560;100;0;50;0;60;20;2.0;1.0;1.0;1.0;1.0
50310;1;1;1;1.0;6;0;80;60;0;0;20;480;160;0;50;30;80;0;2.0;1.0;2.0;2.0;2.0
50310;1;2;1;1.0;6;450;30;0;0;0;50;450;110;0;20;10;80;30;2.0;1.0;2.0;2.0;2.0
50311;1;1;2;3.0;8;0;120;40;0;0;0;640;140;0;30;10;110;0;2.0;2.0;1.0;1.0;2.0
50311;1;2;2;3.0;8;0;30;50;0;0;0;520;50;0;110;10;160;0;2.0;2.0;1.0;1.0;2.0
50312;2;1;1;3.0;7;0;10;0;0;0;0;470;40;0;100;30;420;10;2.0;1.0;1.0;1.0;2.0
50312;2;2;1;3.0;7;0;0;0;0;0;0;540;60;0;90;0;360;0;2.0;1.0;1.0;1.0;2.0
50315;1;1;2;1.0;6;0;130;10;0;0;40;520;140;0;50;0;230;0;1.0;1.0;1.0;2.0;1.0
50315;1;2;2;1.0;6;510;50;10;0;0;0;400;80;0;30;0;290;0;1.0;1.0;1.0;2.0;1.0
50316;1;1;2;3.0;3;0;10;0;0;0;240;640;80;0;0;0;260;0;1.0;2.0;2.0;1.0;2.0
50316;1;2;2;3.0;3;0;30;0;0;0;0;670;40;0;30;0;310;0;1.0;2.0;2.0;1.0;2.0
50319;1;1;2;3.0;6;0;70;0;0;0;10;520;90;0;70;0;190;0;0.0;0.0;0.0;0.0;0.0
50319;1;2;2;3.0;6;320;80;20;0;0;0;500;60;0;40;0;50;0;0.0;0.0;0.0;0.0;0.0
50327;2;1;1;2.0;5;70;20;0;0;0;0;630;70;0;0;0;220;0;2.0;2.0;2.0;1.0;1.0
50327;2;2;1;2.0;5;0;0;0;0;110;0;?;70;0;0;0;230;0;2.0;2.0;2.0;1.0;1.0
50330;2;1;1;2.0;7;0;20;0;0;0;60;480;70;0;40;0;40;0;1.0;1.0;1.0;1.0;1.0
50330;2;2;1;2.0;7;0;0;0;0;0;0;420;70;0;30;0;0;0;1.0;1.0;1.0;1.0;1.0
50342;2;1;2;1.0;8;0;40;40;0;0;0;440;120;0;70;0;50;90;1.0;1.0;1.0;1.0;1.0
50342;2;2;2;1.0;8;150;30;0;0;0;180;490;20;0;60;0;200;0;1.0;1.0;1.0;1.0;1.0
50347;2;1;1;3.0;6;0;10;0;0;0;10;840;30;0;0;0;230;0;1.0;2.0;1.0;1.0;1.0
50347;2;2;1;3.0;6;0;90;0;0;0;0;710;160;0;0;0;230;0;1.0;2.0;1.0;1.0;?
50348;1;1;2;1.0;5;0;40;0;0;0;0;610;40;0;0;0;0;20;1.0;2.0;2.0;2.0;1.0
50355;1;1;1;1.0;8;0;130;10;0;0;0;660;90;0;140;130;0;0;2.0;2.0;1.0;2.0;2.0
50355;1;2;1;1.0;8;0;10;10;0;0;0;550;90;0;190;60;0;0;?;2.0;1.0;2.0;2.0
50356;1;1;1;1.0;6;0;20;10;0;0;0;290;60;0;30;0;0;0;1.0;1.0;1.0;1.0;1.0
50356;1;2;1;1.0;6;0;0;20;0;0;0;670;60;0;20;0;280;0;1.0;1.0;1.0;1.0;1.0
50358;1;1;1;3.0;6;0;20;10;0;0;0;860;10;0;60;0;0;0;2.0;1.0;2.0;2.0;2.0
50358;1;2;1;3.0;6;500;0;?;0;0;0;500;0;0;170;0;0;0;2.0;1.0;2.0;2.0;2.0
50363;2;1;2;1.0;4;00:00;01:40;00:40;04:10;01:10;00:10;07:20;01:50;00:00;00:40;00:00;01:20;00:00;1.0;2.0;1.0;1.0;1.0
50363;2;2;2;1.0;4;00:00;00:10;00:00;03:00;01:50;00:00;09:40;01:50;00:00;00:10;00:00;00:00;00:00;1.0;2.0;1.0;1.0;1.0
50366;1;1;2;2.0;6;0;30;40;0;0;70;490;80;0;60;0;100;0;2.0;1.0;2.0;1.0;2.0
50366;1;2;2;2.0;6;0;60;40;0;0;10;510;90;0;0;0;300;0;2.0;1.0;2.0;1.0;2.0
50377;1;1;1;3.0;4;0;30;40;230;0;0;650;90;0;10;20;0;0;2.0;2.0;2.0;1.0;2.0
50377;1;2;1;3.0;4;0;20;30;120;160;0;580;70;0;0;0;0;0;2.0;2.0;2.0;1.0;2.0
50378;1;1;2;1.0;6;540;20;10;0;0;0;480;40;0;0;0;70;0;1.0;2.0;1.0;1.0;2.0
50378;1;2;2;1.0;6;590;70;10;10;0;20;500;70;0;0;0;60;0;1.0;2.0;1.0;1.0;2.0
50382;2;1;1;1.0;6;460;20;10;10;0;20;430;50;0;50;0;190;0;?;?;?;?;?
50382;2;2;1;1.0;6;0;0;0;0;0;60;440;90;0;30;0;180;0;?;?;?;?;?
50383;1;1;1;3.0;4;370;40;0;0;0;0;330;40;0;40;0;100;0;2.0;2.0;2.0;1.0;1.0
50383;1;2;1;3.0;4;0;?;0;60;0;0;690;120;0;0;0;190;0;2.0;2.0;2.0;1.0;1.0
50385;2;1;2;3.0;8;0;40;50;0;0;60;420;130;0;30;0;200;20;2.0;1.0;2.0;2.0;1.0
50385;2;2;2;3.0;8;0;90;50;0;0;0;550;70;0;90;0;150;40;2.0;1.0;2.0;2.0;1.0
50387;1;1;1;3.0;9;0;0;?;0;0;0;650;140;0;80;0;240;0;2.0;2.0;2.0;2.0;2.0
50387;1;2;1;3.0;9;0;0;0;0;0;0;630;90;0;190;0;110;0;2.0;2.0;2.0;2.0;2.0
50390;1;1;1;2.0;6;380;0;0;60;0;40;460;40;0;20;0;160;0;2.0;2.0;1.0;1.0;2.0
50390;1;2;1;2.0;6;0;0;0;30;0;100;610;80;0;0;0;170;0;2.0;2.0;1.0;1.0;2.0
50394;1;1;1;1.0;8;0;0;30;0;0;80;550;110;0;150;0;330;0;2.0;1.0;2.0;2.0;1.0
50394;1;2;1;1.0;8;0;0;0;0;0;0;510;120;0;50;0;210;0;2.0;1.0;2.0;2.0;1.0
50419;1;1;2;1.0;8;0;30;0;0;0;0;720;100;0;?;0;210;0;2.0;1.0;1.0;1.0;2.0
50419;1;2;2;1.0;8;0;30;10;0;0;0;620;130;0;90;0;110;130;2.0;1.0;1.0;1.0;2.0
50425;1;1;2;2.0;7;300;20;0;0;0;20;480;70;0;20;0;130;0;2.0;2.0;2.0;1.0;2.0
50425;1;2;2;2.0;7;0;0;0;0;0;120;600;50;0;0;0;0;0;2.0;2.0;2.0;1.0;2.0
50427;1;1;2;1.0;5;0;80;10;80;70;20;380;90;0;0;0;0;20;2.0;1.0;2.0;1.0;1.0
50427;1;2;2;1.0;5;150;70;10;70;70;0;470;70;0;0;0;0;0;2.0;1.0;2.0;1.0;1.0
50429;2;1;2;3.0;5;00:00;01:50;00:00;03:30;00:00;00:20;07:20;01:00;00:00;00:00;00:00;03:40;00:10;?;1.0;1.0;1.0;1.0
50429;2;2;2;3.0;5;00:00;01:30;00:20;02:50;00:00;00:00;10:50;01:50;00:00;00:00;00:00;03:40;00:00;1.0;1.0;1.0;1.0;1.0
50435;1;1;1;1.0;7;0;30;0;0;0;0;500;70;0;220;0;330;0;2.0;?;2.0;?;2.0
50435;1;2;1;1.0;7;0;80;0;0;0;10;580;180;0;130;0;200;0;2.0;2.0;2.0;1.0;2.0
50437;1;1;2;1.0;4;480;20;0;0;0;0;540;40;0;0;0;150;0;1.0;1.0;2.0;1.0;2.0
50437;1;2;2;1.0;4;0;50;0;0;0;60;670;60;0;0;0;320;0;1.0;1.0;2.0;1.0;2.0
50447;2;1;1;3.0;5;00:00;01:10;01:10;00:00;00:00;00:40;10:10;03:50;00:00;00:50;00:00;04:20;00:00;?;?;?;?;?
50447;2;2;1;3.0;5;08:00;00:30;00:20;00:00;00:00;00:00;08:10;01:10;00:00;01:10;00:00;03:00;00:00;?;?;?;?;?
50450;1;1;2;1.0;4;410;0;0;0;0;?;450;120;0;180;0;120;0;1.0;1.0;2.0;1.0;1.0
50466;1;1;2;2.0;6;00:00;00:20;00:10;00:00;00:00;00:10;09:20;01:50;00:00;02:50;00:00;04:20;00:00;1.0;1.0;1.0;1.0;1.0
50466;1;2;2;2.0;6;00:00;00:10;00:00;00:00;00:00;00:00;10:10;01:10;00:00;00:30;00:00;07:20;00:00;1.0;1.0;1.0;1.0;1.0
50470;2;1;1;3.0;8;0;20;10;0;0;0;520;40;0;?;70;230;0;2.0;1.0;2.0;2.0;2.0
50470;2;2;1;3.0;8;0;0;?;0;0;0;520;110;0;0;160;200;0;2.0;1.0;2.0;2.0;2.0
50478;1;1;1;1.0;6;0;0;0;0;0;170;570;30;0;60;0;100;0;2.0;2.0;1.0;2.0;2.0
50478;1;2;1;1.0;6;0;30;0;0;0;30;640;70;0;30;0;260;0;2.0;2.0;1.0;2.0;2.0
50497;1;1;1;3.0;6;40;0;0;0;0;0;670;60;0;0;0;260;0;2.0;?;2.0;2.0;2.0
50497;1;2;1;3.0;6;430;10;10;0;0;0;450;50;0;0;0;260;0;2.0;2.0;2.0;2.0;2.0
50512;1;1;1;1.0;8;0;10;0;0;0;0;410;40;0;20;0;190;0;1.0;1.0;1.0;1.0;1.0
50512;1;2;1;1.0;8;0;20;40;0;0;30;580;100;0;100;40;150;0;1.0;1.0;1.0;1.0;1.0
50518;1;1;1;3.0;6;490;50;20;0;0;0;610;100;0;0;0;0;0;2.0;1.0;2.0;2.0;2.0
50518;1;2;1;3.0;6;70;20;0;0;70;0;690;90;0;0;0;140;0;2.0;1.0;2.0;2.0;2.0
50520;1;1;2;1.0;7;0;10;0;0;0;30;370;50;0;10;10;140;0;2.0;1.0;2.0;1.0;2.0
50520;1;2;2;1.0;7;0;70;40;0;0;10;610;50;0;0;10;120;0;2.0;1.0;2.0;1.0;2.0
50530;1;1;1;1.0;7;0;30;10;0;0;0;340;60;0;300;0;560;50;0.0;180.0;0.0;0.0;0.0
50530;1;2;1;1.0;7;460;10;0;0;0;20;500;60;0;20;0;170;20;0.0;0.0;0.0;0.0;0.0
50541;1;1;1;3.0;7;0;0;0;0;0;0;560;130;0;10;0;40;0;2.0;2.0;2.0;2.0;1.0
50541;1;2;1;3.0;7;0;60;30;0;0;0;480;60;0;0;0;40;20;2.0;2.0;2.0;2.0;1.0
50543;2;1;1;3.0;5;370;30;0;0;0;0;430;40;0;30;0;210;0;1.0;1.0;1.0;1.0;1.0
50543;2;2;1;3.0;5;0;10;10;0;20;0;480;290;0;90;0;70;0;1.0;1.0;1.0;1.0;1.0
50550;2;1;1;1.0;6;130;80;10;50;30;100;600;60;0;60;0;0;10;0.0;0.0;0.0;0.0;0.0
50550;2;2;1;1.0;6;550;20;0;40;0;30;480;0;0;60;0;70;0;0.0;0.0;0.0;0.0;0.0
50552;1;1;2;1.0;6;0;40;40;0;0;180;540;40;0;70;0;180;0;1.0;2.0;1.0;1.0;1.0
50552;1;2;2;1.0;6;0;70;10;0;0;0;660;50;0;100;0;120;0;1.0;2.0;1.0;1.0;1.0
50555;1;1;1;1.0;6;00:00;00:50;00:00;00:00;00:00;01:00;06:00;00:50;00:00;00:00;00:00;06:50;00:00;2.0;2.0;2.0;2.0;2.0
50555;1;2;1;1.0;6;08:30;00:00;00:00;00:00;00:00;00:00;06:10;01:40;00:00;00:20;00:00;04:00;00:00;2.0;2.0;2.0;2.0;2.0
50560;1;1;2;3.0;3;60;20;10;0;0;0;430;120;350;0;?;10;0;1.0;1.0;2.0;1.0;1.0
50560;1;2;2;3.0;3;0;0;0;0;0;0;720;0;0;0;0;290;0;1.0;1.0;2.0;1.0;1.0
50563;2;1;1;1.0;9;0;10;?;0;0;80;630;70;0;70;0;230;0;?;?;?;?;?
50563;2;2;1;1.0;9;0;20;0;0;0;0;600;100;0;30;0;0;0;?;?;?;?;?
50569;1;1;1;1.0;7;0;0;0;0;0;0;650;50;0;80;0;260;0;1.0;1.0;2.0;1.0;2.0
50569;1;2;1;1.0;7;0;0;0;0;0;0;620;40;0;150;0;450;0;1.0;1.0;2.0;1.0;2.0
50584;2;1;2;1.0;5;530;50;30;0;0;0;520;50;0;0;0;100;0;2.0;1.0;1.0;1.0;1.0
50584;2;2;2;1.0;5;60;40;60;0;0;0;650;20;0;20;0;240;0;2.0;1.0;1.0;1.0;1.0
50590;2;1;1;1.0;9;0;10;10;0;0;80;250;100;0;240;0;480;50;1.0;1.0;2.0;1.0;1.0
50590;2;2;1;1.0;9;0;0;0;0;0;0;390;100;0;60;0;140;0;1.0;1.0;2.0;1.0;1.0
50591;2;1;1;1.0;6;760;0;10;0;0;0;410;50;0;30;0;0;10;2.0;1.0;1.0;1.0;2.0
50591;2;2;1;1.0;6;0;80;0;0;0;100;440;70;0;30;90;180;0;2.0;1.0;1.0;1.0;2.0
50597;1;1;1;1.0;5;430;10;10;0;0;0;400;100;0;0;0;170;0;1.0;1.0;1.0;1.0;1.0
50597;1;2;1;1.0;5;0;10;10;0;0;0;690;30;0;20;0;60;40;1.0;1.0;1.0;1.0;1.0
50600;1;1;2;2.0;6;460;10;30;0;0;0;460;50;0;90;0;90;50;1.0;1.0;2.0;1.0;2.0
50600;1;2;2;2.0;6;0;50;10;0;0;60;590;70;0;180;0;120;20;1.0;1.0;2.0;1.0;2.0
50602;2;1;2;1.0;9;0;100;70;0;0;0;450;100;0;100;50;90;20;2.0;2.0;2.0;2.0;2.0
50602;2;2;2;1.0;9;0;110;70;0;0;50;420;100;0;110;0;90;0;2.0;2.0;2.0;2.0;2.0
50605;2;1;1;1.0;4;0;40;30;0;0;0;390;130;0;0;0;90;0;1.0;1.0;1.0;1.0;1.0
50605;2;2;1;1.0;4;0;0;0;0;0;0;510;90;0;0;0;60;0;1.0;1.0;1.0;1.0;1.0
50608;1;1;1;1.0;6;0;0;0;0;0;0;510;70;0;110;0;550;0;2.0;1.0;1.0;1.0;2.0
50608;1;2;1;1.0;6;0;0;0;0;0;0;520;40;0;60;0;580;0;2.0;1.0;1.0;1.0;2.0
50612;2;1;2;1.0;6;?;70;40;90;50;20;540;100;0;0;0;30;40;1.0;?;2.0;1.0;1.0
50612;2;2;2;1.0;6;0;110;10;90;20;40;410;260;0;20;0;0;0;1.0;1.0;2.0;1.0;1.0
50616;1;1;1;2.0;7;0;40;0;0;0;0;610;120;0;10;0;290;10;2.0;2.0;2.0;1.0;2.0
50616;1;2;1;2.0;7;0;0;0;0;0;30;480;160;0;0;0;350;0;2.0;2.0;2.0;1.0;2.0
50617;2;1;2;2.0;4;360;10;0;20;0;0;540;80;0;0;0;0;0;1.0;2.0;2.0;1.0;1.0
50617;2;2;2;2.0;4;420;30;0;70;20;0;460;50;0;0;0;70;10;1.0;2.0;2.0;1.0;1.0
50631;2;1;2;3.0;8;00:00;01:10;00:40;00:00;00:00;00:00;07:40;01:20;00:00;00:20;00:00;03:10;00:00;2.0;2.0;1.0;2.0;2.0
50631;2;2;2;3.0;8;00:00;01:20;00:30;00:00;00:00;00:50;08:00;01:00;00:00;00:50;00:00;02:10;00:20;2.0;2.0;1.0;2.0;2.0
50636;1;1;2;1.0;7;130;40;10;0;0;0;620;?;0;40;0;80;0;1.0;1.0;1.0;1.0;2.0
50636;1;2;2;1.0;7;430;10;10;0;0;0;440;40;0;100;0;90;0;1.0;1.0;1.0;1.0;2.0
50640;2;1;1;1.0;5;0;30;0;0;0;0;540;10;0;40;0;160;0;1.0;1.0;1.0;1.0;1.0
50640;2;2;1;1.0;5;530;0;0;70;0;0;390;0;0;?;0;0;0;1.0;1.0;?;1.0;1.0
50644;1;1;1;1.0;8;0;10;0;0;0;0;540;80;0;320;0;0;0;2.0;1.0;2.0;1.0;1.0
50644;1;2;1;1.0;8;0;20;0;0;?;0;460;100;0;370;0;0;0;2.0;1.0;2.0;1.0;1.0
50645;1;1;2;3.0;4;0;10;40;0;?;50;380;150;0;0;0;0;0;1.0;1.0;1.0;1.0;2.0
50645;1;2;2;3.0;4;0;40;30;0;0;0;570;140;0;0;0;0;0;1.0;1.0;1.0;1.0;2.0
50654;1;1;2;1.0;8;0;40;0;0;0;40;470;140;0;180;0;180;0;2.0;1.0;1.0;1.0;2.0
50654;1;2;2;1.0;8;0;60;30;0;0;0;520;180;0;300;0;80;0;2.0;1.0;1.0;1.0;2.0
50655;2;1;1;3.0;7;0;0;0;0;0;20;420;120;0;0;0;140;0;2.0;1.0;2.0;1.0;1.0
50655;2;2;1;3.0;7;0;70;0;0;0;0;420;20;0;50;0;460;0;2.0;1.0;?;1.0;1.0
50659;1;1;1;3.0;6;510;20;0;0;0;0;410;100;0;70;20;0;10;1.0;2.0;2.0;2.0;2.0
50659;1;2;1;3.0;6;0;10;0;0;0;0;610;170;0;20;30;170;0;1.0;2.0;2.0;2.0;2.0
50667;1;1;1;1.0;6;0;50;10;0;0;10;410;80;0;20;10;0;0;1.0;1.0;1.0;2.0;1.0
50667;1;2;1;1.0;6;410;10;0;0;0;0;350;80;0;?;10;0;0;1.0;1.0;1.0;2.0;1.0
50671;1;1;2;2.0;6;00:00;01:00;00:30;00:00;00:00;01:10;10:00;02:00;00:00;00:20;00:00;00:40;00:00;1.0;1.0;2.0;1.0;1.0
50671;1;2;2;2.0;6;08:00;00:00;00:20;00:00;00:00;00:30;07:00;00:40;00:00;01:10;00:00;00:00;00:00;1.0;1.0;2.0;1.0;1.0
50673;2;1;2;1.0;7;510;0;0;0;0;10;380;40;0;80;0;260;0;2.0;2.0;1.0;1.0;2.0
50673;2;2;2;1.0;7;0;0;60;0;0;40;500;190;0;60;40;160;20;2.0;2.0;1.0;1.0;2.0
50683;2;1;1;2.0;5;570;40;0;0;0;20;300;80;0;0;0;180;0;2.0;2.0;1.0;1.0;2.0
50683;2;2;1;2.0;5;0;0;0;0;0;60;580;130;0;0;0;260;0;2.0;2.0;1.0;1.0;2.0
50693;1;1;1;2.0;3;180;0;0;0;0;0;600;80;0;0;0;300;0;2.0;2.0;2.0;1.0;1.0
50693;1;2;1;2.0;3;430;40;0;0;0;0;480;130;0;0;0;160;0;2.0;2.0;2.0;1.0;1.0
50697;1;1;2;1.0;6;330;140;10;0;0;20;270;80;0;20;0;80;0;2.0;2.0;2.0;1.0;1.0
50697;1;2;2;1.0;6;500;40;?;0;0;30;280;?;0;40;30;70;30;2.0;2.0;2.0;1.0;1.0
50726;2;1;2;1.0;7;0;40;40;0;0;10;480;120;0;90;80;230;0;?;?;?;?;?
50726;2;2;2;1.0;7;0;80;40;0;0;30;430;90;0;30;20;350;0;?;?;?;?;?
50731;1;1;2;2.0;7;00:00;00:20;00:00;00:00;00:00;00:00;09:50;01:00;00:00;00:00;00:30;05:20;00:00;?;2.0;2.0;2.0;2.0
50731;1;2;2;2.0;7;07:10;00:00;00:00;00:00;00:00;00:30;10:10;01:10;00:00;?;00:00;02:40;00:00;2.0;2.0;2.0;2.0;2.0
50734;2;1;2;1.0;7;420;30;60;0;0;0;470;90;0;110;0;90;0;1.0;2.0;2.0;2.0;2.0
50734;2;2;2;1.0;7;0;60;60;0;0;60;460;130;0;170;0;60;60;1.0;2.0;2.0;2.0;2.0
50740;1;1;2;2.0;7;320;40;20;0;0;0;450;120;0;30;0;190;20;1.0;1.0;1.0;1.0;2.0
50740;1;2;2;2.0;7;140;70;30;0;0;40;480;130;0;60;0;230;20;1.0;1.0;1.0;1.0;2.0
50756;2;1;1;1.0;4;0;0;0;0;0;70;590;20;0;20;0;120;0;1.0;1.0;1.0;1.0;1.0
50756;2;2;1;1.0;4;0;0;0;0;0;190;550;20;0;0;0;120;0;1.0;1.0;1.0;1.0;1.0
50763;2;1;2;1.0;8;0;20;10;0;0;60;550;100;0;120;0;240;40;2.0;2.0;2.0;1.0;2.0
50763;2;2;2;1.0;8;0;20;10;0;0;60;550;80;0;190;40;220;0;2.0;2.0;2.0;1.0;2.0
50764;1;1;2;1.0;4;460;30;10;0;0;0;550;30;0;40;0;80;0;1.0;1.0;2.0;1.0;2.0
50764;1;2;2;1.0;4;0;?;0;0;0;70;420;110;0;110;0;90;0;1.0;1.0;2.0;1.0;2.0
50766;1;1;1;1.0;9;0;0;50;0;0;30;540;140;0;20;0;210;0;120.0;0.0;60.0;60.0;60.0
50766;1;2;1;1.0;9;0;0;40;0;0;0;580;80;0;0;0;360;0;120.0;180.0;180.0;180.0;0.0
50768;2;1;2;3.0;5;310;30;10;20;0;0;440;110;0;10;0;0;0;2.0;1.0;1.0;1.0;1.0
50768;2;2;2;3.0;5;0;140;20;60;10;0;520;110;0;20;0;60;0;2.0;1.0;1.0;1.0;1.0
50769;2;1;2;2.0;4;0;110;60;230;20;0;520;80;0;40;40;0;0;2.0;2.0;2.0;2.0;2.0
50769;2;2;2;2.0;4;0;90;50;180;30;0;500;80;0;40;0;10;60;2.0;2.0;2.0;2.0;2.0
50787;1;1;1;1.0;7;0;60;30;0;0;40;620;10;0;0;0;150;0;2.0;2.0;2.0;2.0;2.0
50788;1;1;2;1.0;7;60;40;10;0;0;0;450;70;0;10;60;210;40;1.0;1.0;1.0;1.0;1.0
50788;1;2;2;1.0;7;0;30;0;0;0;70;480;50;0;30;0;210;90;1.0;1.0;1.0;1.0;1.0
50795;2;1;2;1.0;4;300;0;0;0;0;0;510;40;0;0;0;0;0;1.0;1.0;2.0;2.0;1.0
50795;2;2;2;1.0;4;0;0;0;0;0;0;560;90;0;40;0;70;0;1.0;1.0;2.0;2.0;1.0
50800;1;1;1;2.0;5;0;?;0;0;0;10;760;90;0;0;0;130;0;2.0;2.0;2.0;2.0;1.0
50800;1;2;1;2.0;5;630;30;0;0;0;0;560;70;0;0;0;60;0;2.0;2.0;2.0;2.0;1.0
50801;2;1;1;2.0;5;500;30;0;20;0;0;390;40;0;0;0;160;0;1.0;2.0;2.0;1.0;1.0
50801;2;2;1;2.0;5;0;100;0;20;0;0;620;60;0;120;0;230;0;1.0;2.0;2.0;1.0;1.0
50803;1;1;1;1.0;7;0;0;0;0;0;180;500;110;0;170;0;210;0;2.0;1.0;2.0;1.0;1.0
50803;1;2;1;1.0;7;0;0;0;0;0;0;590;120;0;140;20;190;0;2.0;1.0;2.0;1.0;1.0
50811;1;1;2;1.0;7;400;20;?;0;0;30;480;50;0;0;0;230;0;2.0;?;1.0;2.0;2.0
50811;1;2;2;1.0;7;?;30;30;0;0;0;620;20;0;50;0;240;0;2.0;1.0;1.0;2.0;2.0
50815;2;1;1;1.0;6;00:00;00:10;00:00;00:00;00:00;00:10;07:30;02:40;05:30;00:50;00:00;02:10;00:00;2.0;2.0;2.0;2.0;2.0
50815;2;2;1;1.0;6;00:00;00:30;00:00;00:00;00:00;00:40;08:10;01:30;00:00;01:10;00:00;08:00;00:00;2.0;2.0;2.0;2.0;2.0
50826;1;1;2;1.0;7;0;40;40;0;0;80;580;70;0;110;0;90;0;2.0;1.0;2.0;1.0;2.0
50826;1;2;2;1.0;7;0;40;0;0;0;30;570;80;0;90;0;210;0;2.0;1.0;2.0;1.0;2.0
50834;2;1;2;1.0;7;300;90;30;0;0;20;310;70;0;30;0;110;0;2.0;2.0;1.0;2.0;2.0
50834;2;2;2;1.0;7;400;30;30;0;0;0;410;80;0;50;0;100;60;2.0;2.0;1.0;2.0;2.0
50844;1;1;1;1.0;7;0;10;0;0;0;120;550;120;0;360;0;120;0;2.0;2.0;2.0;2.0;2.0
50844;1;2;1;1.0;7;0;20;0;0;0;40;480;110;0;360;0;330;0;2.0;2.0;2.0;2.0;2.0
50846;1;1;1;1.0;3;00:00;00:20;01:00;00:00;00:00;00:00;07:10;02:00;00:00;00:00;00:00;00:20;00:30;1.0;1.0;1.0;?;2.0
50846;1;2;1;1.0;3;00:00;00:00;00:20;00:00;00:00;00:00;09:40;00:40;00:30;00:00;00:00;02:50;00:50;1.0;1.0;1.0;1.0;2.0
50860;1;1;1;1.0;7;0;30;20;0;0;0;510;60;0;40;0;0;0;1.0;2.0;1.0;1.0;1.0
50860;1;2;1;1.0;7;0;60;20;0;0;20;530;70;0;50;0;180;0;1.0;2.0;1.0;1.0;1.0
50861;1;1;2;3.0;6;0;10;50;0;0;10;450;80;0;140;180;50;50;2.0;1.0;2.0;1.0;1.0
50861;1;2;2;3.0;6;440;10;0;0;0;0;470;140;0;50;0;30;0;2.0;1.0;2.0;1.0;1.0
50867;1;1;2;1.0;7;0;40;0;0;0;0;520;70;0;90;0;280;70;1.0;1.0;1.0;1.0;2.0
50867;1;2;2;1.0;7;300;0;0;0;0;0;460;70;0;20;0;220;60;1.0;1.0;1.0;1.0;2.0
50868;2;1;1;1.0;7;0;0;0;0;0;30;470;160;0;120;0;290;0;?;?;?;?;?
50868;2;2;1;1.0;7;0;50;0;0;0;0;480;140;0;40;0;240;0;?;?;?;?;?
50869;1;1;1;2.0;6;0;20;20;0;0;10;240;70;0;0;0;110;0;2.0;2.0;2.0;2.0;1.0
50869;1;2;1;2.0;6;420;20;0;0;0;10;510;60;0;0;0;220;0;2.0;2.0;2.0;2.0;1.0
50875;1;1;1;1.0;9;0;0;0;0;0;0;520;120;0;0;0;160;0;2.0;2.0;2.0;1.0;2.0
50875;1;2;1;1.0;9;0;0;0;0;0;0;550;120;0;10;0;100;0;2.0;2.0;2.0;1.0;2.0
50877;2;1;2;3.0;4;10:10;00:20;00:10;00:10;00:00;00:00;08:30;?;00:00;00:10;00:00;00:00;00:00;1.0;1.0;2.0;1.0;1.0
50877;2;2;2;3.0;4;00:00;00:30;00:40;00:10;00:00;02:30;09:00;01:00;00:00;00:00;00:00;00:40;00:00;1.0;1.0;2.0;1.0;1.0
50883;1;1;2;1.0;9;0;60;50;0;0;40;640;10;0;10;10;160;0;2.0;2.0;1.0;1.0;2.0
50883;1;2;2;1.0;9;0;80;40;0;0;0;660;?;?;50;20;100;0;2.0;2.0;1.0;1.0;2.0
50901;1;1;1;1.0;8;0;0;0;0;0;60;640;80;0;130;0;240;0;2.0;2.0;2.0;2.0;2.0
50901;1;2;1;1.0;8;0;0;0;0;0;130;510;90;0;160;0;270;0;2.0;2.0;2.0;2.0;2.0
50918;1;1;1;3.0;9;0;10;20;0;0;0;720;200;0;70;10;120;0;2.0;2.0;2.0;2.0;2.0
50918;1;2;1;3.0;9;0;30;0;0;0;0;660;150;0;40;120;190;0;2.0;2.0;2.0;2.0;2.0
50919;2;1;1;1.0;6;390;0;0;0;0;0;490;60;0;0;0;80;0;2.0;2.0;2.0;1.0;2.0
50919;2;2;1;1.0;6;0;0;0;0;0;20;460;50;0;90;0;290;20;2.0;2.0;2.0;1.0;2.0
50926;1;1;2;3.0;7;0;30;30;0;0;10;600;40;0;90;0;270;0;2.0;2.0;2.0;1.0;2.0
50926;1;2;2;3.0;7;0;70;50;0;0;60;510;80;0;40;0;80;0;2.0;2.0;2.0;1.0;2.0
50928;1;1;1;2.0;7;0;0;0;0;0;30;510;150;0;0;0;150;0;2.0;1.0;1.0;2.0;2.0
50928;1;2;1;2.0;7;0;0;0;0;0;0;570;120;0;0;0;120;0;2.0;1.0;1.0;2.0;2.0
50930;1;1;1;1.0;7;0;0;0;0;0;100;600;120;0;100;0;30;0;1.0;2.0;2.0;1.0;1.0
50930;1;2;1;1.0;7;120;0;0;0;0;20;620;80;0;120;0;0;0;1.0;2.0;2.0;1.0;1.0
50931;1;1;1;3.0;8;0;60;0;0;0;0;620;180;0;60;0;210;0;2.0;2.0;2.0;2.0;1.0
50931;1;2;1;3.0;8;0;60;0;0;0;120;620;180;0;60;0;180;0;2.0;2.0;2.0;2.0;1.0
50953;2;1;2;1.0;4;00:00;00:10;00:00;00:00;00:00;00:00;09:00;03:00;00:00;00:00;00:00;00:40;00:20;1.0;1.0;2.0;1.0;1.0
50953;2;2;2;1.0;4;07:40;00:00;00:00;00:00;?;00:00;08:10;01:50;00:00;00:00;00:00;00:10;00:30;1.0;1.0;2.0;1.0;1.0
50960;1;1;1;1.0;6;470;10;0;0;0;10;470;40;0;30;0;250;0;2.0;2.0;2.0;1.0;2.0
50960;1;2;1;1.0;6;0;20;0;0;0;0;730;60;0;130;0;430;0;2.0;2.0;2.0;1.0;2.0
50961;1;1;2;1.0;4;0;50;30;130;30;0;500;140;0;0;10;120;0;1.0;2.0;2.0;1.0;2.0
50961;1;2;2;1.0;4;0;60;10;250;50;30;380;50;0;30;0;80;0;1.0;2.0;2.0;1.0;2.0
50962;1;1;1;3.0;7;0;20;0;0;0;0;460;20;0;0;0;60;0;2.0;1.0;2.0;2.0;2.0
50962;1;2;1;3.0;7;0;50;0;0;0;30;510;70;0;80;0;200;10;2.0;1.0;2.0;2.0;2.0
50966;1;1;2;1.0;7;0;70;50;0;0;0;610;100;0;30;20;40;0;?;?;?;?;?
50966;1;2;2;1.0;7;450;40;10;0;0;0;380;80;0;?;0;60;0;?;?;?;?;?
50968;1;1;1;1.0;5;0;0;10;0;0;40;580;110;0;40;10;0;0;1.0;1.0;1.0;2.0;1.0
50968;1;2;1;1.0;5;500;10;20;0;0;30;410;80;0;30;0;0;0;1.0;1.0;1.0;2.0;1.0
50973;2;1;2;1.0;3;480;0;0;0;0;30;480;40;0;10;0;40;0;1.0;2.0;2.0;1.0;1.0
50973;2;2;2;1.0;3;170;0;0;0;0;0;610;20;0;120;0;100;10;1.0;2.0;2.0;1.0;1.0
50977;1;1;2;1.0;9;0;50;30;0;0;20;630;40;0;90;40;60;70;1.0;2.0;1.0;1.0;2.0
50977;1;2;2;1.0;9;0;20;30;0;0;40;710;40;0;60;0;250;0;1.0;2.0;1.0;1.0;2.0
50982;2;1;1;1.0;8;0;20;0;0;0;0;490;30;0;240;40;370;0;2.0;2.0;1.0;1.0;1.0
50982;2;2;1;1.0;8;0;40;0;0;0;0;510;60;0;180;70;90;0;2.0;2.0;1.0;1.0;1.0
50984;2;1;1;3.0;7;0;10;0;0;0;0;540;270;0;60;0;30;0;2.0;2.0;1.0;1.0;2.0
50984;2;2;1;3.0;7;480;10;0;0;0;0;500;80;0;70;0;10;0;2.0;2.0;1.0;1.0;2.0
50986;1;1;1;2.0;7;0;100;30;0;0;60;470;110;0;70;0;120;0;1.0;2.0;1.0;1.0;1.0
50986;1;2;1;2.0;7;0;10;0;0;0;40;480;90;0;90;0;110;0;1.0;2.0;1.0;1.0;1.0
50990;2;1;2;1.0;3;0;0;0;0;0;10;690;100;0;0;50;140;0;1.0;2.0;2.0;1.0;1.0
50990;2;2;2;1.0;3;0;0;0;0;0;60;730;0;0;40;30;180;30;1.0;2.0;2.0;1.0;1.0
51001;1;1;1;1.0;8;0;0;20;0;0;0;590;120;0;90;30;90;0;1.0;1.0;1.0;2.0;2.0
51001;1;2;1;1.0;8;0;0;20;0;0;140;550;140;0;80;0;60;0;1.0;1.0;1.0;2.0;2.0
51005;1;1;2;1.0;4;00:00;01:00;00:00;01:10;01:00;00:00;10:40;01:40;00:00;00:00;00:00;00:50;00:10;1.0;2.0;2.0;1.0;2.0
51005;1;2;2;1.0;4;00:00;01:10;00:30;01:50;00:20;00:50;09:40;02:10;00:00;00:00;00:00;01:40;00:00;1.0;2.0;2.0;1.0;2.0
51006;1;1;2;1.0;8;450;20;0;0;0;0;360;100;0;50;0;70;0;1.0;1.0;1.0;1.0;2.0
51006;1;2;2;1.0;8;0;150;30;0;0;0;590;70;0;70;0;130;0;1.0;1.0;1.0;1.0;2.0
51007;2;1;2;1.0;5;240;20;0;0;0;160;290;60;0;20;0;20;10;1.0;2.0;2.0;1.0;2.0
51007;2;2;2;1.0;5;0;40;0;0;0;100;570;190;0;60;0;0;0;1.0;2.0;2.0;1.0;2.0
51017;2;1;1;1.0;7;0;40;0;0;0;0;570;140;0;0;0;110;0;1.0;1.0;1.0;2.0;2.0
51017;2;2;1;1.0;7;450;0;0;0;0;0;430;120;0;20;0;180;0;1.0;1.0;1.0;2.0;2.0
51027;1;1;2;1.0;7;0;40;0;0;0;0;540;70;0;110;0;150;0;2.0;1.0;1.0;1.0;2.0
51027;1;2;2;1.0;7;0;60;20;0;0;0;560;40;0;50;0;150;0;2.0;1.0;1.0;1.0;2.0
51034;1;1;2;3.0;5;0;0;40;370;60;0;500;120;0;70;0;90;10;2.0;2.0;1.0;1.0;2.0
51034;1;2;2;3.0;5;0;40;20;120;0;30;430;130;0;170;0;100;0;2.0;2.0;1.0;1.0;2.0
51040;1;1;1;2.0;6;0;10;20;0;0;40;650;130;0;70;0;90;0;2.0;1.0;2.0;1.0;2.0
51040;1;2;1;2.0;6;660;30;0;0;0;0;510;20;0;70;0;50;0;2.0;1.0;2.0;1.0;2.0
51053;2;1;1;3.0;7;00:00;00:00;00:00;00:00;00:00;00:00;08:00;00:40;00:00;00:00;00:00;02:20;00:00;?;?;?;?;?
51053;2;2;1;3.0;7;00:00;00:00;00:00;00:00;00:00;00:00;05:10;02:20;00:00;01:00;00:00;06:10;00:00;?;?;?;?;?
51056;2;1;2;2.0;5;440;10;0;30;0;160;470;90;0;30;0;30;0;1.0;1.0;1.0;1.0;2.0
51056;2;2;2;2.0;5;0;0;10;70;30;0;590;40;0;60;0;270;20;1.0;1.0;?;1.0;2.0
51060;1;1;2;1.0;4;0;20;0;0;0;20;590;80;0;0;0;100;0;1.0;1.0;1.0;1.0;2.0
51060;1;2;2;1.0;4;240;100;10;0;0;20;430;90;0;60;0;120;0;1.0;1.0;1.0;1.0;2.0
51067;2;1;2;1.0;9;0;0;0;0;0;0;350;140;0;30;50;250;0;1.0;2.0;2.0;1.0;1.0
51067;2;2;2;1.0;9;0;40;20;0;0;0;540;170;0;100;0;310;0;1.0;2.0;2.0;1.0;1.0
51069;2;1;1;1.0;5;09:10;00:20;00:00;00:00;00:00;00:00;06:50;01:30;00:00;00:00;00:00;00:00;00:00;?;?;?;?;?
51069;2;2;1;1.0;5;?;00:00;00:00;00:10;01:20;00:00;09:20;03:20;00:00;00:20;00:00;00:00;00:00;?;?;?;?;?
51075;2;1;1;3.0;9;0;20;10;0;0;20;710;50;0;240;0;100;0;?;?;?;?;?
51075;2;2;1;3.0;9;0;10;0;0;0;0;620;70;0;240;0;330;0;?;?;?;?;?
51090;1;1;2;1.0;6;500;20;10;0;0;10;450;30;0;30;0;140;10;1.0;1.0;2.0;2.0;2.0
51090;1;2;2;1.0;6;0;70;40;0;0;0;530;110;0;0;0;100;20;1.0;1.0;2.0;2.0;2.0
51095;2;1;1;1.0;6;210;90;0;0;0;40;530;90;0;90;0;170;0;1.0;2.0;2.0;1.0;1.0
51095;2;2;1;1.0;6;350;50;0;0;0;0;510;90;0;10;0;140;0;1.0;2.0;2.0;1.0;1.0
51097;2;1;2;1.0;7;440;30;0;0;0;100;470;90;0;90;0;0;0;2.0;1.0;2.0;1.0;2.0
51097;2;2;2;1.0;7;0;30;10;0;0;0;610;110;0;0;60;130;30;2.0;1.0;2.0;1.0;2.0
51101;1;1;1;2.0;7;280;0;0;0;0;50;480;100;0;0;0;150;30;2.0;2.0;2.0;2.0;2.0
51101;1;2;1;2.0;7;110;0;0;0;0;20;540;40;0;0;0;220;0;2.0;2.0;2.0;2.0;2.0
51105;1;1;1;1.0;6;0;0;0;0;0;60;640;70;0;20;0;320;0;?;?;?;?;?
51105;1;2;1;1.0;6;480;0;0;0;0;0;510;70;0;0;0;270;0;?;?;?;?;?
51116;1;1;1;3.0;6;630;0;0;0;0;0;?;60;0;30;0;120;0;1.0;2.0;?;2.0;1.0
51116;1;2;1;3.0;6;340;0;0;0;0;10;580;70;0;0;0;150;0;1.0;2.0;1.0;2.0;1.0
51117;2;1;2;1.0;4;0;0;0;?;50;0;360;190;0;0;0;0;0;2.0;2.0;2.0;2.0;2.0
51117;2;2;2;1.0;4;0;0;0;270;60;100;350;160;0;0;0;10;0;2.0;2.0;2.0;2.0;2.0
51125;2;1;1;1.0;3;0;0;0;0;0;0;490;40;260;0;0;160;0;1.0;1.0;2.0;1.0;2.0
51125;2;2;1;1.0;3;0;0;0;0;0;10;540;80;0;0;0;0;0;1.0;1.0;2.0;1.0;2.0
51128;1;1;1;1.0;7;0;20;0;0;0;0;420;20;0;70;0;300;0;2.0;2.0;2.0;1.0;2.0
51128;1;2;1;1.0;7;0;0;10;0;0;0;300;120;0;240;0;260;0;2.0;2.0;2.0;1.0;2.0
51132;2;1;2;3.0;9;0;90;30;0;0;0;600;120;0;110;0;220;0;2.0;2.0;2.0;2.0;2.0
51132;2;2;2;3.0;9;0;80;40;0;0;90;540;110;0;100;80;70;0;2.0;2.0;2.0;2.0;2.0
51136;2;1;2;1.0;5;0;10;0;0;0;0;650;180;0;80;0;40;30;?;?;?;?;?
51136;2;2;2;1.0;5;1050;0;0;0;0;0;190;40;0;20;0;0;0;?;?;?;?;?
51137;1;1;2;1.0;6;0;50;40;0;0;10;410;90;0;100;0;310;10;1.0;1.0;1.0;1.0;1.0
51137;1;2;2;1.0;6;0;10;0;0;0;20;500;40;0;120;0;160;10;1.0;1.0;1.0;1.0;1.0
51144;1;1;1;1.0;7;0;20;0;0;0;20;?;70;0;20;0;30;0;1.0;1.0;1.0;1.0;2.0
51144;1;2;1;1.0;7;430;20;0;0;0;0;420;80;0;0;0;30;0;1.0;1.0;1.0;1.0;2.0
51146;2;1;2;1.0;4;0;10;0;0;0;40;500;80;0;0;180;0;0;1.0;2.0;2.0;1.0;2.0
51146;2;2;2;1.0;4;0;10;0;0;0;210;510;60;0;50;0;200;0;1.0;2.0;2.0;1.0;2.0
51148;2;1;2;2.0;6;01:00;01:10;00:00;00:00;00:00;01:00;06:40;01:40;00:00;01:00;00:00;02:00;00:00;1.0;1.0;1.0;2.0;2.0
51148;2;2;2;2.0;6;02:40;01:00;00:00;00:00;00:00;00:20;06:10;01:30;00:00;00:00;00:00;03:10;00:00;1.0;1.0;1.0;2.0;2.0
51152;1;1;1;1.0;3;0;0;0;0;0;90;640;40;0;50;0;0;0;2.0;2.0;2.0;1.0;2.0
51152;1;2;1;1.0;3;450;0;0;0;0;0;550;50;0;0;0;0;0;2.0;2.0;2.0;1.0;2.0
51157;1;1;1;1.0;6;510;50;10;0;0;30;370;30;0;110;10;210;0;2.0;2.0;2.0;1.0;1.0
51157;1;2;1;1.0;6;?;60;0;0;0;10;650;50;0;130;0;230;0;2.0;2.0;2.0;1.0;1.0
51182;2;1;2;1.0;7;0;?;20;0;0;70;540;140;0;30;0;110;0;1.0;1.0;1.0;1.0;?
51182;2;2;2;1.0;7;0;10;0;0;0;0;630;40;0;30;0;70;30;1.0;1.0;1.0;1.0;2.0
51190;1;1;2;1.0;7;0;60;30;0;0;0;560;200;0;0;0;60;0;1.0;1.0;1.0;1.0;2.0
51190;1;2;2;1.0;7;0;60;40;0;0;90;520;160;0;0;0;0;0;1.0;1.0;1.0;1.0;2.0
51191;2;1;1;1.0;6;600;0;0;0;?;0;430;60;0;0;0;120;20;1.0;1.0;1.0;2.0;1.0
51191;2;2;1;1.0;6;0;0;0;0;0;0;380;120;0;40;0;0;0;1.0;1.0;1.0;2.0;1.0
51192;2;1;1;1.0;7;08:30;01:00;00:00;00:00;00:00;00:00;07:40;00:20;00:00;00:00;00:00;01:10;00:00;2.0;1.0;1.0;2.0;2.0
51192;2;2;1;1.0;7;03:00;00:00;00:00;00:00;00:00;00:00;07:50;01:10;00:00;00:00;00:00;03:10;00:00;2.0;1.0;1.0;2.0;2.0
51194;1;1;2;1.0;6;460;20;0;0;0;30;450;70;0;40;0;0;0;2.0;1.0;1.0;1.0;2.0
51194;1;2;2;1.0;6;0;40;80;0;0;20;410;130;0;80;0;210;0;2.0;1.0;1.0;1.0;2.0
51196;1;1;1;1.0;8;0;0;0;0;0;10;690;80;0;0;0;240;0;?;?;?;?;?
51196;1;2;1;1.0;8;0;0;0;0;0;120;540;80;0;0;0;400;0;?;?;?;?;?
51199;1;1;2;2.0;4;0;70;10;?;170;0;520;20;0;0;0;120;30;2.0;2.0;2.0;?;1.0
51199;1;2;2;2.0;4;0;70;0;170;410;0;500;30;0;0;0;110;0;2.0;2.0;2.0;1.0;1.0
51212;1;1;1;1.0;9;0;140;30;0;0;50;540;100;0;30;0;380;0;2.0;1.0;1.0;2.0;1.0
51212;1;2;1;1.0;9;0;140;30;0;0;40;520;80;0;30;0;390;0;2.0;1.0;1.0;2.0;1.0
51217;1;1;2;1.0;7;0;110;10;0;0;0;590;30;0;0;0;310;0;2.0;2.0;2.0;2.0;2.0
51217;1;2;2;1.0;7;0;40;40;0;0;0;510;50;0;0;0;390;0;2.0;2.0;2.0;?;2.0
51218;1;1;1;1.0;6;0;10;0;0;0;0;680;90;0;30;0;180;30;2.0;1.0;2.0;1.0;1.0
51218;1;2;1;1.0;6;420;0;0;0;0;10;420;50;0;70;0;140;0;2.0;1.0;2.0;1.0;1.0
51219;2;1;2;1.0;7;0;0;0;0;0;370;470;200;0;10;0;60;0;1.0;1.0;1.0;1.0;1.0
51219;2;2;2;1.0;7;40;50;0;0;0;40;450;130;0;20;0;110;0;1.0;1.0;1.0;1.0;1.0
51224;1;1;2;1.0;4;120;20;0;0;0;0;600;140;0;0;0;50;0;1.0;2.0;1.0;1.0;2.0
51224;1;2;2;1.0;4;0;20;0;0;0;0;600;130;0;0;0;340;0;1.0;2.0;1.0;1.0;2.0
51227;2;2;1;1.0;5;0;20;10;30;0;0;720;100;0;70;0;110;0;1.0;1.0;1.0;1.0;1.0
51238;1;1;2;1.0;3;0;80;10;50;50;20;580;70;0;110;0;160;0;1.0;2.0;2.0;1.0;2.0
51238;1;2;2;1.0;3;0;40;20;20;110;0;590;120;0;30;0;90;0;1.0;2.0;2.0;1.0;2.0
51239;2;1;1;1.0;7;00:00;00:20;00:20;00:00;00:00;00:00;11:20;01:10;00:00;03:00;02:50;00:00;00:00;1.0;1.0;1.0;1.0;1.0
51239;2;2;1;1.0;7;00:00;00:10;00:00;00:00;00:00;00:00;09:50;04:00;00:00;01:40;01:00;00:00;00:00;1.0;1.0;1.0;1.0;1.0
51243;1;1;2;1.0;7;0;50;60;0;0;90;530;50;0;40;0;280;0;0.0;0.0;120.0;0.0;0.0
51243;1;2;2;1.0;7;0;140;30;0;0;30;290;?;0;40;0;0;0;60.0;120.0;0.0;0.0;0.0
51249;1;1;2;1.0;9;0;10;10;0;0;0;600;30;0;90;20;150;20;2.0;2.0;2.0;2.0;2.0
51249;1;2;2;1.0;9;0;40;20;?;0;0;640;40;0;120;0;?;0;2.0;2.0;2.0;2.0;2.0
51254;1;1;1;1.0;6;0;80;40;0;0;30;530;60;0;0;?;0;0;2.0;1.0;2.0;1.0;1.0
51254;1;2;1;1.0;6;500;10;0;0;0;40;460;100;0;0;0;70;0;2.0;1.0;2.0;1.0;1.0
51256;1;1;1;3.0;4;0;20;10;0;0;30;330;150;0;0;0;0;20;1.0;2.0;2.0;1.0;2.0
51256;1;2;1;3.0;4;550;0;0;0;0;10;510;160;0;0;0;0;0;1.0;2.0;2.0;1.0;2.0
51259;1;1;1;1.0;3;00:00;00:50;00:10;00:00;00:00;00:00;11:00;00:50;00:00;00:00;00:00;05:50;00:00;1.0;1.0;2.0;1.0;1.0
51259;1;2;1;1.0;3;08:00;00:20;00:00;00:00;00:00;00:00;09:40;01:50;00:00;00:00;00:00;00:00;00:00;1.0;1.0;2.0;1.0;1.0
51264;1;1;2;1.0;4;00:00;00:30;00:00;00:00;00:00;00:00;10:00;01:30;00:00;00:00;00:00;00:10;00:00;2.0;2.0;2.0;2.0;1.0
51264;1;2;2;1.0;4;08:00;00:20;00:30;00:00;00:00;00:00;07:50;00:20;00:00;00:00;00:00;00:00;00:00;2.0;2.0;2.0;2.0;1.0
51272;2;1;1;3.0;7;0;0;0;0;0;?;370;80;0;260;0;160;?;2.0;2.0;1.0;2.0;2.0
51272;2;2;1;3.0;7;0;0;0;0;0;0;620;210;0;130;0;220;0;2.0;2.0;1.0;2.0;2.0
51280;1;1;1;1.0;8;00:00;00:30;01:10;00:00;00:00;00:00;07:30;02:20;00:00;01:10;00:20;04:30;00:00;2.0;1.0;1.0;2.0;2.0
51280;1;2;1;1.0;8;00:00;00:10;00:20;00:00;00:00;00:00;07:20;02:50;00:00;01:20;00:00;05:30;00:00;2.0;1.0;1.0;2.0;2.0
51283;1;1;1;1.0;8;0;30;?;0;0;50;540;120;0;40;170;150;0;2.0;2.0;2.0;1.0;2.0
51283;1;2;1;1.0;8;0;10;0;0;0;0;600;110;0;200;240;140;0;2.0;2.0;2.0;1.0;2.0
51284;1;1;2;1.0;8;0;50;0;0;0;40;390;130;0;10;20;220;0;2.0;2.0;2.0;2.0;2.0
51284;1;2;2;1.0;8;0;30;30;0;0;0;540;120;0;90;60;60;0;2.0;2.0;2.0;2.0;2.0
51294;2;1;2;3.0;6;480;10;20;0;0;0;460;30;0;0;0;90;70;2.0;1.0;2.0;2.0;2.0
51294;2;2;2;3.0;6;300;10;10;0;0;130;430;40;0;10;20;170;30;2.0;1.0;2.0;2.0;2.0
51296;1;1;2;1.0;4;0;30;0;0;0;0;360;200;0;0;0;30;0;1.0;1.0;2.0;1.0;1.0
51296;1;2;2;1.0;4;0;40;0;0;0;0;780;40;0;40;10;180;0;1.0;1.0;2.0;1.0;1.0
51299;2;1;2;3.0;5;0;10;0;10;0;0;610;110;0;40;0;90;0;2.0;1.0;2.0;1.0;2.0
51299;2;2;2;3.0;5;450;10;0;10;0;0;430;80;0;0;0;130;0;2.0;1.0;2.0;1.0;2.0
51303;1;1;1;2.0;8;00:00;00:30;00:00;00:00;00:00;00:00;06:00;03:50;00:00;01:00;?;05:30;00:40;2.0;2.0;2.0;2.0;1.0
51303;1;2;1;2.0;8;?;00:10;00:00;00:00;00:00;00:30;08:30;01:40;00:00;00:50;00:00;06:00;00:00;2.0;2.0;2.0;2.0;1.0
51310;1;1;2;1.0;7;0;40;30;0;0;0;420;60;0;10;0;220;10;1.0;1.0;1.0;1.0;2.0
51310;1;2;2;1.0;7;0;130;10;0;0;20;420;120;0;70;0;120;0;1.0;1.0;1.0;1.0;2.0
51315;1;1;2;1.0;3;0;10;0;0;0;0;550;70;0;40;0;20;10;1.0;2.0;2.0;1.0;2.0
51315;1;2;2;1.0;3;0;0;0;0;0;10;530;40;0;0;0;320;0;1.0;2.0;2.0;1.0;2.0
51316;1;1;2;2.0;6;220;30;10;140;0;0;330;70;0;10;10;0;0;1.0;1.0;1.0;?;1.0
51316;1;2;2;2.0;6;290;20;20;70;0;40;460;100;0;0;0;30;0;1.0;1.0;1.0;1.0;1.0
51317;2;1;2;3.0;8;0;40;30;0;0;20;420;50;0;0;0;280;0;2.0;2.0;2.0;2.0;2.0
51341;2;1;2;1.0;5;0;50;30;0;0;10;500;120;0;0;0;180;0;1.0;1.0;1.0;1.0;1.0
51344;2;1;2;1.0;6;0;70;20;20;110;60;500;100;0;0;0;100;0;1.0;1.0;1.0;1.0;2.0
51344;2;2;2;1.0;6;440;10;0;20;0;50;450;80;0;40;0;30;0;1.0;1.0;1.0;1.0;2.0
51364;1;1;2;3.0;5;0;80;10;0;0;0;570;80;0;100;0;120;0;1.0;1.0;2.0;1.0;1.0
51364;1;2;2;3.0;5;0;80;40;0;0;0;710;60;0;60;0;90;0;1.0;1.0;2.0;1.0;1.0
51365;1;1;2;1.0;7;0;70;0;0;0;30;410;120;0;0;0;200;0;1.0;1.0;2.0;1.0;2.0
51365;1;2;2;1.0;7;0;70;20;0;0;0;730;120;0;0;0;80;20;1.0;1.0;2.0;1.0;2.0
51366;2;1;1;3.0;9;0;30;0;0;0;40;480;180;0;50;10;240;0;2.0;1.0;2.0;2.0;2.0
51366;2;2;1;3.0;9;0;40;0;0;0;0;480;110;0;50;10;340;0;2.0;1.0;2.0;2.0;2.0
51370;1;1;2;2.0;9;0;60;60;0;0;0;510;40;0;0;0;270;10;2.0;2.0;2.0;2.0;2.0
51370;1;2;2;2.0;9;0;0;0;0;0;0;510;40;0;120;0;130;10;2.0;2.0;2.0;2.0;2.0
51380;1;1;2;2.0;7;0;100;60;0;0;0;680;60;0;30;10;160;0;2.0;2.0;1.0;2.0;2.0
51380;1;2;2;2.0;7;0;80;30;0;0;0;550;50;0;20;0;250;0;2.0;2.0;1.0;2.0;2.0
51390;1;1;1;1.0;6;0;0;0;0;0;0;360;70;0;320;0;320;0;2.0;2.0;2.0;1.0;2.0
51390;1;2;1;1.0;6;0;30;0;0;0;0;390;80;0;460;0;360;0;2.0;2.0;2.0;1.0;2.0
51391;1;1;2;1.0;9;0;50;30;0;0;0;510;60;0;120;0;250;70;1.0;1.0;1.0;2.0;1.0
51391;1;2;2;1.0;9;0;60;20;0;0;0;440;60;0;140;0;420;110;1.0;1.0;1.0;2.0;1.0
51393;2;1;2;1.0;7;0;180;0;0;0;0;500;130;0;0;0;30;0;2.0;2.0;2.0;2.0;2.0
51393;2;2;2;1.0;7;0;130;0;0;0;0;500;150;0;0;0;30;0;2.0;2.0;2.0;2.0;2.0
51398;1;1;2;1.0;7;0;80;0;0;0;0;530;100;0;130;0;110;0;1.0;2.0;2.0;?;2.0
51398;1;2;2;1.0;7;0;90;40;0;0;0;480;120;0;80;0;280;0;1.0;2.0;2.0;1.0;2.0
51401;1;1;1;3.0;7;610;10;10;0;0;0;450;120;0;40;0;100;0;2.0;1.0;2.0;2.0;2.0
51403;2;1;1;1.0;5;0;10;0;10;40;60;530;160;0;0;0;80;0;1.0;2.0;2.0;2.0;1.0
51403;2;2;1;1.0;5;0;20;0;10;10;60;460;40;0;60;0;190;0;1.0;2.0;2.0;2.0;1.0
51404;1;1;2;1.0;5;450;20;0;0;0;0;490;70;0;10;0;60;0;1.0;1.0;1.0;1.0;2.0
51404;1;2;2;1.0;5;0;180;30;0;0;0;490;90;0;0;0;90;0;1.0;1.0;1.0;1.0;2.0
51406;2;1;1;1.0;4;450;0;0;180;0;80;450;50;0;0;0;20;0;1.0;2.0;2.0;1.0;1.0
51406;2;2;1;1.0;4;0;0;0;120;0;170;620;80;0;0;0;40;?;1.0;2.0;2.0;1.0;1.0
51408;2;1;2;3.0;5;0;20;40;0;0;0;710;90;0;0;40;?;0;1.0;1.0;1.0;1.0;2.0
51408;2;2;2;3.0;5;0;40;0;0;0;50;690;70;0;0;0;170;40;1.0;1.0;1.0;1.0;2.0
51409;1;1;2;1.0;3;00:00;00:10;00:00;00:00;00:00;00:10;05:00;00:40;03:50;00:50;00:00;02:10;00:00;1.0;1.0;2.0;1.0;2.0
51409;1;2;2;1.0;3;00:00;00:10;00:10;00:00;00:00;00:00;11:00;01:20;00:00;00:00;00:00;02:50;00:00;1.0;1.0;2.0;1.0;2.0
51418;1;1;1;3.0;7;0;40;20;0;0;0;540;90;0;0;0;350;30;2.0;2.0;2.0;1.0;2.0
51418;1;2;1;3.0;7;0;10;10;0;0;50;460;80;0;0;?;290;0;2.0;2.0;2.0;1.0;2.0
51419;2;1;1;3.0;6;0;50;0;0;0;10;420;130;0;10;0;120;0;2.0;2.0;2.0;1.0;2.0
51419;2;2;1;3.0;6;0;10;0;0;0;0;470;100;0;30;0;170;0;2.0;2.0;2.0;1.0;2.0
51424;1;1;1;1.0;7;0;20;0;0;0;0;560;?;0;0;0;290;0;2.0;1.0;2.0;1.0;2.0
51424;1;2;1;1.0;7;510;0;0;0;0;0;390;110;0;20;0;240;0;2.0;1.0;2.0;1.0;2.0
51425;2;1;2;3.0;6;370;60;20;0;0;0;570;60;0;20;0;80;30;2.0;1.0;2.0;1.0;2.0
51425;2;2;2;3.0;6;200;0;20;0;0;70;540;80;0;20;0;80;10;2.0;1.0;2.0;1.0;2.0
51431;1;1;2;1.0;6;520;20;40;0;0;50;490;?;0;0;0;80;0;1.0;1.0;2.0;1.0;1.0
51431;1;2;2;1.0;6;0;0;0;0;0;0;420;110;0;0;0;160;0;1.0;1.0;2.0;1.0;1.0
51437;1;1;2;1.0;6;0;20;20;0;0;0;900;60;0;0;0;190;0;1.0;1.0;1.0;1.0;1.0
51437;1;2;2;1.0;6;460;20;0;0;0;10;530;80;0;?;0;40;0;1.0;1.0;1.0;1.0;1.0
51442;1;1;2;3.0;5;310;30;10;0;0;10;390;80;0;40;0;10;30;1.0;2.0;2.0;1.0;1.0
51442;1;2;2;3.0;5;400;80;20;0;0;0;380;110;0;40;0;60;0;1.0;2.0;2.0;1.0;1.0
51456;1;1;1;1.0;4;09:10;00:00;00:10;00:00;00:30;01:10;06:10;01:50;00:00;00:10;00:00;01:20;00:10;?;?;?;?;?
51456;1;2;1;1.0;4;07:30;00:00;00:00;00:00;00:00;00:00;08:30;01:30;00:00;00:00;00:00;01:50;00:00;?;?;?;?;?
51457;1;1;2;1.0;8;0;20;10;0;0;0;510;70;0;100;130;190;20;2.0;1.0;2.0;1.0;2.0
51457;1;2;2;1.0;8;0;20;30;0;0;30;580;100;0;100;30;120;20;2.0;1.0;2.0;1.0;2.0
51462;1;1;2;2.0;6;400;30;0;0;0;0;620;90;0;0;0;200;0;2.0;1.0;2.0;2.0;1.0
51462;1;2;2;2.0;6;540;0;0;0;0;0;520;70;0;0;0;310;0;2.0;1.0;2.0;2.0;1.0
51463;2;1;2;1.0;5;0;10;20;410;0;0;510;50;0;60;0;80;0;1.0;1.0;1.0;1.0;2.0
51463;2;2;2;1.0;5;0;0;0;500;0;0;490;70;0;20;0;160;0;1.0;1.0;1.0;1.0;2.0
51464;1;1;1;1.0;3;0;40;0;0;0;?;660;80;0;80;0;180;0;1.0;1.0;2.0;1.0;1.0
51464;1;2;1;1.0;3;240;30;0;0;0;0;470;100;0;0;0;260;0;1.0;1.0;2.0;1.0;1.0
51466;2;1;2;1.0;4;460;20;0;20;0;20;470;70;0;50;0;0;10;1.0;2.0;1.0;1.0;2.0
51466;2;2;2;1.0;4;0;0;0;80;0;0;690;130;0;60;0;20;0;1.0;2.0;1.0;1.0;2.0
51471;1;1;2;1.0;4;390;0;0;0;0;10;450;70;0;0;0;30;0;1.0;2.0;1.0;1.0;1.0
51471;1;2;2;1.0;4;0;10;0;0;0;0;610;90;0;0;0;20;0;1.0;2.0;1.0;1.0;1.0
51484;1;1;2;1.0;4;390;0;0;0;0;0;500;20;0;0;0;0;0;1.0;1.0;2.0;1.0;2.0
51484;1;2;2;1.0;4;0;0;0;0;0;0;360;150;0;0;0;0;0;1.0;1.0;2.0;1.0;2.0
51487;2;1;2;1.0;5;0;30;0;0;0;0;590;110;0;0;0;360;0;?;?;?;?;?
51487;2;2;2;1.0;5;0;30;0;0;0;0;520;90;0;0;0;80;0;?;?;?;?;?
51494;2;1;2;1.0;5;0;10;0;0;0;70;640;100;0;0;0;100;0;2.0;2.0;2.0;2.0;2.0
51494;2;2;2;1.0;5;450;0;0;0;0;20;270;70;0;10;0;220;0;2.0;2.0;2.0;2.0;2.0
51498;1;1;2;1.0;6;0;130;30;0;0;30;600;80;0;250;0;80;0;2.0;2.0;1.0;1.0;1.0
51498;1;2;2;1.0;6;0;60;30;0;0;0;670;80;0;260;0;90;0;2.0;2.0;1.0;1.0;1.0
51502;2;1;2;1.0;6;0;0;0;10;0;0;570;80;0;90;0;350;0;1.0;1.0;2.0;2.0;2.0
51502;2;2;2;1.0;6;0;60;0;0;0;0;510;60;0;90;0;270;60;1.0;1.0;2.0;2.0;2.0
51507;1;1;1;1.0;5;0;40;0;0;0;30;580;70;0;30;10;80;0;1.0;1.0;1.0;1.0;1.0
51507;1;2;1;1.0;5;0;0;0;0;0;40;430;150;0;30;0;130;0;1.0;1.0;1.0;1.0;1.0
51508;1;1;2;3.0;7;04:50;00:30;00:20;00:00;00:00;00:00;08:00;00:40;00:00;01:00;00:00;00:00;00:20;2.0;2.0;2.0;2.0;2.0
51508;1;2;2;3.0;7;00:00;00:20;00:00;00:00;00:00;00:50;?;01:20;00:00;01:00;00:00;02:30;00:00;2.0;?;2.0;2.0;2.0
51519;1;1;1;1.0;5;360;0;0;0;0;0;570;50;0;0;0;70;50;1.0;1.0;2.0;1.0;1.0
51519;1;2;1;1.0;5;0;60;30;0;0;0;510;60;0;100;0;80;0;1.0;1.0;2.0;1.0;1.0
51524;1;1;1;1.0;6;0;0;30;0;0;40;590;100;0;130;70;140;0;2.0;2.0;1.0;1.0;2.0
51524;1;2;1;1.0;6;0;10;40;0;0;0;560;130;0;40;50;180;0;2.0;2.0;1.0;1.0;2.0
51539;2;1;1;3.0;5;490;20;0;0;0;10;350;80;0;20;0;100;0;2.0;2.0;2.0;1.0;2.0
51539;2;2;1;3.0;5;0;0;10;0;0;0;630;180;0;0;0;130;0;2.0;2.0;2.0;1.0;2.0
51549;1;1;2;1.0;8;0;50;10;0;0;0;540;130;0;120;20;210;60;1.0;1.0;1.0;1.0;1.0
51549;1;2;2;1.0;8;0;40;10;0;0;60;490;120;0;40;10;120;0;1.0;1.0;1.0;1.0;1.0
51551;2;1;2;3.0;3;00:00;00:00;00:00;00:00;00:00;01:30;10:00;00:50;00:00;01:20;00:00;01:40;00:00;1.0;1.0;1.0;1.0;2.0
51551;2;2;2;3.0;3;00:00;00:30;00:00;00:00;00:00;00:00;08:30;01:40;00:00;01:10;00:00;01:00;00:00;1.0;1.0;1.0;1.0;2.0
51553;2;1;2;1.0;5;10;70;10;50;0;20;700;50;0;90;0;20;0;1.0;1.0;1.0;1.0;2.0
51553;2;2;2;1.0;5;0;60;0;80;30;0;570;30;0;0;0;280;20;1.0;1.0;1.0;1.0;2.0
51557;1;1;1;3.0;6;490;0;0;0;0;20;480;70;0;40;0;100;0;2.0;2.0;2.0;1.0;2.0
51557;1;2;1;3.0;6;40;0;0;0;0;0;590;80;0;60;0;120;0;2.0;2.0;2.0;1.0;2.0
51566;1;1;1;2.0;6;0;10;0;0;0;0;540;110;0;0;0;310;0;1.0;1.0;1.0;1.0;1.0
51566;1;2;1;2.0;6;490;10;20;0;0;0;430;100;0;0;?;260;0;1.0;1.0;1.0;1.0;1.0
51578;1;1;1;2.0;6;480;20;0;0;0;0;470;80;0;50;0;130;0;1.0;1.0;1.0;1.0;1.0
51578;1;2;1;2.0;6;0;20;20;0;0;0;560;70;0;50;0;350;0;1.0;1.0;1.0;1.0;1.0
51581;1;1;2;1.0;9;0;70;70;0;0;0;490;180;0;40;0;150;40;1.0;?;1.0;1.0;1.0
51581;1;2;2;1.0;9;0;10;20;0;0;30;480;90;0;90;0;170;30;1.0;1.0;1.0;1.0;1.0
51586;1;1;2;3.0;4;450;0;0;0;0;0;490;70;0;0;0;0;10;1.0;2.0;2.0;2.0;2.0
51586;1;2;2;3.0;4;0;20;0;0;0;60;700;60;0;0;0;0;60;1.0;2.0;2.0;2.0;2.0
51590;1;1;2;1.0;3;30;10;0;160;130;0;650;60;0;30;0;160;0;1.0;2.0;2.0;2.0;2.0
51590;1;2;2;1.0;3;0;20;0;210;260;20;600;50;0;0;0;110;0;?;2.0;2.0;2.0;2.0
51592;1;1;1;1.0;3;0;30;10;0;0;0;660;40;0;0;0;160;0;1.0;2.0;1.0;1.0;2.0
51592;1;2;1;1.0;3;0;20;0;0;?;0;710;40;0;0;0;250;0;1.0;2.0;1.0;1.0;2.0
51599;1;1;1;3.0;7;490;20;0;0;?;10;470;110;0;40;0;0;0;2.0;2.0;2.0;1.0;2.0
51599;1;2;1;3.0;7;0;50;0;0;0;30;570;80;0;50;0;80;0;2.0;2.0;2.0;1.0;2.0
51601;1;1;2;1.0;6;30;50;0;10;0;90;530;90;0;10;0;80;0;1.0;1.0;2.0;1.0;2.0
51601;1;2;2;1.0;6;510;10;10;0;0;70;510;50;0;0;0;30;10;1.0;1.0;2.0;1.0;2.0
51605;1;1;2;1.0;6;0;0;0;0;0;0;530;30;0;0;0;0;0;2.0;2.0;2.0;1.0;2.0
51605;1;2;2;1.0;6;0;0;0;0;0;60;490;70;0;0;0;0;0;?;2.0;2.0;1.0;2.0
51607;1;1;1;1.0;9;0;0;0;0;0;0;650;160;0;0;40;0;?;360.0;120.0;60.0;0.0;60.0
51607;1;2;1;1.0;9;0;40;0;0;0;0;570;130;0;50;100;0;0;60.0;120.0;60.0;0.0;120.0
51610;1;1;1;1.0;5;0;0;0;0;0;0;510;90;0;0;0;220;0;2.0;2.0;2.0;2.0;1.0
51610;1;2;1;1.0;5;0;0;0;0;0;0;550;140;0;0;0;120;0;2.0;2.0;2.0;2.0;1.0
51612;1;1;2;1.0;7;0;70;0;0;0;0;500;60;0;110;0;10;0;?;?;?;?;?
51612;1;2;2;1.0;7;0;10;0;0;0;60;520;110;0;140;0;190;0;?;?;?;?;?
51617;1;1;2;3.0;7;0;90;30;0;0;0;580;120;0;40;70;110;0;2.0;1.0;1.0;1.0;1.0
51617;1;2;2;3.0;7;0;80;40;0;0;70;510;70;0;30;0;150;30;2.0;1.0;1.0;1.0;1.0
51619;1;1;1;1.0;8;0;0;0;0;0;50;510;100;0;0;0;190;0;2.0;2.0;2.0;2.0;1.0
51619;1;2;1;1.0;8;0;60;0;0;0;90;520;90;0;0;0;240;0;2.0;2.0;2.0;2.0;1.0
51626;1;1;1;1.0;9;30;0;0;0;0;70;490;110;0;0;0;60;0;2.0;2.0;2.0;2.0;2.0
51627;1;1;2;3.0;7;0;10;0;0;0;0;500;50;0;90;0;380;0;2.0;1.0;2.0;1.0;1.0
51627;1;2;2;3.0;7;0;80;30;0;0;0;600;80;0;100;0;180;0;2.0;1.0;2.0;1.0;1.0
51638;1;1;2;3.0;8;00:00;01:20;00:00;00:00;00:00;00:00;09:40;02:00;00:00;00:00;04:50;01:40;00:00;2.0;1.0;1.0;2.0;2.0
51638;1;2;2;3.0;8;00:00;00:50;00:00;00:00;00:00;00:00;07:50;02:10;00:00;00:00;00:00;00:00;00:30;2.0;1.0;1.0;2.0;2.0
51639;1;1;1;1.0;5;0;60;10;0;0;10;590;90;0;0;0;50;90;2.0;1.0;1.0;1.0;1.0
51639;1;2;1;1.0;5;520;10;0;0;0;10;470;80;0;40;0;40;0;2.0;1.0;1.0;1.0;1.0
51644;1;1;2;3.0;7;0;60;10;0;0;0;650;80;0;30;30;120;0;2.0;2.0;2.0;2.0;2.0
51644;1;2;2;3.0;7;?;40;10;0;0;0;550;130;0;0;0;120;0;2.0;2.0;2.0;2.0;2.0
51645;2;1;2;1.0;4;00:00;01:10;01:10;01:40;00:30;00:00;07:50;03:20;00:00;00:20;00:00;00:00;00:10;2.0;2.0;1.0;1.0;2.0
51645;2;2;2;1.0;4;00:00;01:00;01:00;02:40;01:30;00:10;08:30;01:40;00:00;01:00;00:00;00:30;00:00;2.0;2.0;1.0;1.0;2.0
51646;2;1;2;3.0;4;0;0;0;0;0;30;510;110;0;0;0;0;30;1.0;2.0;2.0;1.0;1.0
51646;2;2;2;3.0;4;520;0;10;0;0;10;510;20;0;0;0;150;0;1.0;2.0;2.0;1.0;1.0
51663;1;1;1;1.0;7;?;50;10;0;0;0;530;110;0;30;0;450;0;1.0;2.0;2.0;2.0;1.0
51663;1;2;1;1.0;7;0;10;0;0;0;0;570;120;0;20;0;290;0;1.0;2.0;2.0;2.0;1.0
51667;1;1;2;2.0;5;460;30;10;50;0;30;470;70;0;0;0;70;0;1.0;1.0;2.0;1.0;1.0
51667;1;2;2;2.0;5;0;100;20;40;0;70;470;120;0;0;0;130;0;1.0;1.0;2.0;1.0;1.0
51670;2;1;2;2.0;5;0;110;30;70;50;0;510;170;0;0;0;30;0;1.0;1.0;1.0;1.0;1.0
51670;2;2;2;2.0;5;470;20;10;20;0;30;470;50;0;70;0;30;0;1.0;1.0;1.0;1.0;1.0
51673;2;1;1;2.0;5;450;30;0;0;0;?;390;70;0;10;0;230;0;2.0;2.0;2.0;2.0;1.0
51673;2;2;1;2.0;5;360;10;0;0;0;40;510;50;0;0;0;170;0;2.0;2.0;2.0;2.0;1.0
51674;1;1;1;1.0;4;08:40;00:20;00:00;00:00;00:00;00:00;08:20;00:30;00:00;00:20;00:00;01:10;00:00;1.0;1.0;1.0;1.0;1.0
51674;1;2;1;1.0;4;09:00;00:40;00:20;00:00;00:00;00:00;06:40;01:10;00:00;00:00;00:00;00:00;00:00;1.0;1.0;1.0;1.0;1.0
51675;1;1;1;1.0;6;0;30;10;0;0;30;470;110;0;50;0;150;10;2.0;2.0;1.0;1.0;1.0
51675;1;2;1;1.0;6;720;10;0;0;0;0;470;80;0;10;0;20;0;2.0;2.0;1.0;1.0;1.0
51685;2;1;2;1.0;4;480;0;0;10;0;0;590;40;0;10;0;50;0;1.0;2.0;2.0;1.0;2.0
51685;2;2;2;1.0;4;440;30;10;10;70;0;480;80;0;0;0;130;0;1.0;2.0;2.0;1.0;2.0
51689;1;1;2;2.0;5;340;10;0;30;0;90;490;50;0;0;0;60;0;2.0;1.0;2.0;1.0;1.0
51697;1;1;2;1.0;3;00:00;00:50;00:00;00:00;00:00;00:00;12:30;02:20;00:00;00:10;00:00;02:30;00:00;1.0;2.0;1.0;1.0;1.0
51697;1;2;2;1.0;3;07:30;00:00;00:00;00:00;00:00;00:00;08:10;00:40;00:00;00:00;00:00;02:40;00:00;1.0;2.0;1.0;1.0;1.0
51699;2;1;1;1.0;5;750;0;0;0;0;0;350;40;0;10;0;0;0;1.0;2.0;1.0;1.0;2.0
51699;2;2;1;1.0;5;0;0;0;10;0;0;420;90;0;50;0;180;0;1.0;2.0;1.0;1.0;2.0
51702;2;1;2;1.0;7;0;0;10;0;0;0;480;120;0;50;50;10;10;2.0;2.0;1.0;1.0;2.0
51702;2;2;2;1.0;7;0;10;10;0;0;30;430;170;0;150;0;0;0;2.0;2.0;1.0;1.0;2.0
51710;2;1;2;1.0;9;0;0;?;0;0;0;750;80;0;30;0;400;0;?;?;?;?;?
51710;2;2;2;1.0;9;0;0;0;0;0;0;420;30;0;30;0;310;0;?;?;?;?;?
51717;2;1;1;3.0;6;600;10;0;0;0;0;490;100;0;0;0;140;0;2.0;2.0;1.0;1.0;1.0
51717;2;2;1;3.0;6;200;20;0;0;0;100;470;100;0;0;0;220;0;?;2.0;1.0;1.0;1.0
51726;2;1;1;1.0;5;0;0;0;0;0;60;680;250;0;30;0;250;0;?;?;?;?;?
51726;2;2;1;1.0;5;500;0;0;0;0;0;540;60;0;60;0;120;0;?;?;?;?;?
51729;1;1;1;3.0;6;10:00;00:10;00:00;00:00;00:00;00:00;07:00;01:50;00:00;01:30;00:00;01:10;00:00;1.0;2.0;1.0;1.0;2.0
51729;1;2;1;3.0;6;06:40;00:20;00:00;00:00;00:00;00:40;06:50;01:00;00:00;02:50;00:00;00:50;00:00;1.0;2.0;1.0;1.0;2.0
51732;1;1;1;1.0;8;0;0;0;0;0;60;640;150;0;30;0;270;0;2.0;2.0;1.0;2.0;2.0
51732;1;2;1;1.0;8;0;0;0;0;0;0;590;180;0;90;10;180;0;2.0;2.0;1.0;2.0;2.0
51735;2;1;2;1.0;8;0;20;0;0;0;0;570;70;0;60;0;240;0;?;?;?;?;?
51735;2;2;2;1.0;8;0;60;20;0;0;0;550;120;0;0;0;70;0;?;?;?;?;?
51737;2;1;2;3.0;4;470;30;0;0;0;0;460;30;0;50;0;0;0;1.0;1.0;2.0;1.0;1.0
51737;2;2;2;3.0;4;0;20;0;0;0;10;700;90;0;20;0;0;0;1.0;1.0;2.0;1.0;1.0
51740;1;1;2;1.0;5;0;190;20;0;0;0;560;180;0;20;0;40;0;2.0;1.0;2.0;2.0;1.0
51740;1;2;2;1.0;5;0;100;20;0;0;40;580;200;0;20;0;200;0;2.0;1.0;2.0;2.0;1.0
51741;1;1;2;1.0;7;0;30;50;0;0;0;530;40;0;170;0;140;50;1.0;1.0;1.0;1.0;2.0
51741;1;2;2;1.0;7;0;60;20;0;0;60;610;30;0;60;0;90;30;1.0;1.0;1.0;1.0;2.0
51742;2;1;1;1.0;6;0;10;20;0;0;80;670;110;0;0;0;160;0;1.0;2.0;2.0;1.0;2.0
51742;2;2;1;1.0;6;540;30;0;0;0;80;440;30;0;0;0;170;0;1.0;2.0;2.0;?;2.0
51746;1;1;1;1.0;6;0;30;10;0;0;60;410;180;0;150;0;10;20;1.0;1.0;1.0;1.0;1.0
51746;1;2;1;1.0;6;0;0;0;0;0;0;560;100;0;110;0;50;0;1.0;1.0;1.0;1.0;1.0
51750;1;1;1;1.0;9;0;0;0;0;0;0;550;140;0;0;390;0;0;2.0;1.0;1.0;1.0;2.0
51750;1;2;1;1.0;9;60;0;0;0;0;30;460;50;0;400;0;280;0;2.0;1.0;1.0;1.0;2.0
51751;2;1;2;1.0;7;0;110;40;0;0;10;480;70;0;50;0;240;0;2.0;1.0;2.0;1.0;2.0
51751;2;2;2;1.0;7;0;20;10;0;0;0;520;110;0;20;0;320;50;2.0;1.0;2.0;1.0;2.0
51754;1;1;2;1.0;5;0;70;50;0;0;0;680;160;0;0;0;260;0;1.0;2.0;2.0;1.0;2.0
51754;1;2;2;1.0;5;450;50;0;0;0;30;400;110;0;40;0;170;0;1.0;2.0;2.0;1.0;2.0
51771;1;1;2;1.0;7;0;10;0;0;0;50;560;140;0;0;0;120;0;2.0;2.0;2.0;1.0;1.0
51771;1;2;2;1.0;7;0;40;0;0;0;170;510;80;0;120;0;350;0;2.0;2.0;2.0;1.0;1.0
51785;1;1;1;1.0;7;?;120;?;0;0;0;480;140;0;0;0;300;0;1.0;2.0;2.0;2.0;2.0
51785;1;2;1;1.0;7;0;20;0;0;0;0;540;60;0;60;0;350;0;1.0;2.0;2.0;2.0;2.0
51788;1;1;2;1.0;5;?;40;40;60;30;100;530;110;0;0;0;90;0;2.0;2.0;2.0;2.0;1.0
51788;1;2;2;1.0;5;490;0;10;30;0;0;470;50;0;0;0;100;0;2.0;2.0;2.0;2.0;1.0
51790;2;1;1;1.0;4;650;0;0;0;0;0;470;0;0;0;0;140;0;1.0;1.0;1.0;1.0;1.0
51790;2;2;1;1.0;4;0;0;0;0;0;0;680;60;0;0;0;60;0;1.0;1.0;1.0;1.0;1.0
51803;1;1;2;1.0;5;00:00;00:30;00:20;00:00;00:00;05:20;09:20;00:40;00:00;02:50;00:00;00:00;00:00;1.0;1.0;1.0;1.0;1.0
51803;1;2;2;1.0;5;00:00;00:30;00:00;00:00;00:00;00:00;09:20;01:50;00:00;01:40;00:00;00:00;00:30;1.0;1.0;1.0;1.0;1.0
51804;2;1;1;1.0;7;480;0;0;20;0;0;500;10;0;20;0;70;0;2.0;2.0;2.0;1.0;1.0
51804;2;2;1;1.0;7;0;0;0;0;0;130;480;230;0;0;0;80;0;2.0;2.0;2.0;1.0;1.0
51807;2;1;2;3.0;5;730;60;10;0;0;40;290;90;0;0;0;0;20;1.0;1.0;2.0;1.0;1.0
51807;2;2;2;3.0;5;720;50;0;0;0;0;430;60;0;0;0;150;0;1.0;1.0;2.0;1.0;1.0
51814;1;1;1;1.0;3;0;30;0;0;0;0;480;60;0;0;0;60;0;0.0;60.0;300.0;0.0;60.0
51814;1;2;1;1.0;3;0;0;0;0;0;0;580;100;0;0;0;140;0;0.0;300.0;120.0;0.0;240.0
51819;2;1;2;1.0;8;0;50;20;0;0;20;570;110;0;70;0;90;0;2.0;1.0;2.0;2.0;2.0
51819;2;2;2;1.0;8;0;70;20;0;0;0;520;80;0;40;0;280;0;2.0;1.0;2.0;2.0;2.0
51822;2;1;2;2.0;9;0;50;10;0;0;0;570;140;0;80;0;330;30;2.0;2.0;2.0;1.0;2.0
51822;2;2;2;2.0;9;0;50;20;0;0;0;550;90;0;90;0;280;0;2.0;2.0;2.0;1.0;2.0
51824;1;1;2;2.0;7;580;10;0;0;0;20;430;60;0;10;30;130;0;1.0;1.0;2.0;1.0;2.0
51824;1;2;2;2.0;7;0;60;30;0;0;0;540;100;0;80;20;250;0;1.0;1.0;2.0;1.0;2.0
51831;2;1;2;1.0;3;430;0;0;0;0;0;560;70;0;10;0;100;0;2.0;2.0;?;1.0;2.0
51831;2;2;2;1.0;3;0;0;0;0;0;10;610;20;0;10;0;110;0;2.0;2.0;2.0;1.0;2.0
51832;1;1;2;2.0;6;620;70;10;0;0;40;380;80;0;0;0;0;10;2.0;2.0;2.0;2.0;2.0
51832;1;2;2;2.0;6;300;10;10;0;0;10;520;30;0;0;0;20;20;2.0;2.0;2.0;2.0;2.0
51846;1;1;1;1.0;5;0;30;0;0;0;20;460;90;0;0;0;80;0;2.0;2.0;2.0;1.0;1.0
51846;1;2;1;1.0;5;0;40;10;0;0;10;560;40;0;70;0;50;0;2.0;2.0;?;1.0;1.0
51847;1;1;1;1.0;5;390;90;30;0;0;20;450;70;0;10;0;200;0;2.0;2.0;1.0;1.0;1.0
51847;1;2;1;1.0;5;150;70;0;0;0;10;540;50;0;0;0;290;0;2.0;2.0;1.0;1.0;1.0
51848;1;1;2;1.0;6;00:00;01:10;00:40;00:00;00:00;00:00;10:30;02:30;00:00;01:10;00:00;?;00:30;1.0;1.0;1.0;?;2.0
51848;1;2;2;1.0;6;00:00;00:20;00:10;00:00;00:00;00:00;08:40;01:00;00:00;00:40;00:40;03:30;00:00;1.0;1.0;1.0;2.0;2.0
51851;2;1;1;1.0;4;00:00;00:20;00:20;02:40;00:10;00:00;11:00;01:10;00:00;00:00;00:00;02:50;00:00;1.0;1.0;1.0;1.0;1.0
51851;2;2;1;1.0;4;07:30;00:00;00:10;02:00;00:00;00:40;07:50;01:30;00:00;00:00;00:00;01:10;00:00;1.0;1.0;1.0;1.0;1.0
51854;1;1;1;1.0;4;0;10;0;0;0;60;840;120;0;10;0;50;0;2.0;2.0;2.0;1.0;2.0
51854;1;2;1;1.0;4;480;30;0;0;0;30;410;110;0;0;0;50;0;2.0;2.0;2.0;?;?
51855;1;1;2;1.0;5;0;40;20;0;0;40;670;60;0;30;0;60;0;1.0;1.0;1.0;1.0;1.0
51855;1;2;2;1.0;5;430;50;10;10;20;20;540;50;0;70;0;0;0;1.0;1.0;1.0;1.0;1.0
51857;1;1;1;1.0;7;00:00;00:10;00:00;00:00;00:00;00:00;08:10;01:40;00:00;00:00;00:00;00:00;00:00;1.0;1.0;1.0;1.0;1.0
51857;1;2;1;1.0;7;00:00;00:00;00:00;00:00;00:00;00:50;08:20;01:10;00:00;00:00;00:00;00:00;00:00;1.0;1.0;1.0;1.0;1.0
51871;2;1;2;2.0;4;0;60;0;200;20;50;540;60;0;0;0;0;40;2.0;2.0;1.0;1.0;2.0
51871;2;2;2;2.0;4;0;60;20;130;20;150;550;130;0;0;0;0;50;2.0;2.0;1.0;1.0;2.0
51875;1;1;2;3.0;8;140;0;0;0;0;0;490;80;0;10;0;30;0;2.0;2.0;1.0;2.0;2.0
51875;1;2;2;3.0;8;180;60;20;0;0;60;470;80;0;110;0;80;0;2.0;2.0;1.0;2.0;2.0
51895;1;1;1;1.0;6;110;10;0;0;0;0;490;110;0;0;0;60;10;2.0;1.0;2.0;2.0;2.0
51895;1;2;1;1.0;6;470;10;20;0;0;0;550;110;0;0;0;90;0;2.0;1.0;2.0;2.0;2.0
51900;1;1;1;1.0;5;0;50;10;50;90;0;480;100;0;40;0;300;0;1.0;2.0;2.0;2.0;1.0
51900;1;2;1;1.0;5;590;20;10;0;0;0;470;60;0;0;0;190;0;1.0;2.0;2.0;2.0;1.0
51904;1;1;2;1.0;4;0;60;0;140;120;0;480;100;0;30;0;240;20;1.0;2.0;1.0;1.0;1.0
51904;1;2;2;1.0;4;50;40;40;270;110;0;510;60;0;30;0;40;0;1.0;2.0;1.0;1.0;1.0
51905;1;1;2;3.0;5;0;0;0;0;0;110;490;100;0;0;0;250;40;2.0;2.0;1.0;1.0;1.0
51905;1;2;2;3.0;5;450;0;0;0;0;0;420;30;0;70;0;130;0;2.0;2.0;1.0;1.0;1.0
51914;2;1;2;1.0;6;40;30;30;0;0;0;590;100;0;60;0;260;0;1.0;1.0;2.0;1.0;1.0
51914;2;2;2;1.0;6;620;10;10;0;0;0;150;220;0;0;0;0;?;1.0;1.0;2.0;1.0;1.0
51917;1;1;2;1.0;7;0;30;0;0;0;40;440;?;0;100;0;120;0;1.0;2.0;1.0;1.0;2.0
51917;1;2;2;1.0;7;0;70;0;0;0;0;400;130;0;250;0;50;0;1.0;2.0;1.0;1.0;2.0
51925;2;1;1;1.0;5;10:00;00:00;00:00;?;00:00;00:00;05:30;01:00;00:00;00:10;00:00;06:30;00:00;1.0;1.0;1.0;1.0;1.0
51925;2;2;1;1.0;5;00:00;00:00;00:00;00:00;00:00;00:30;08:30;01:00;00:00;00:00;00:00;03:00;00:00;1.0;1.0;1.0;1.0;1.0
51926;1;1;1;3.0;7;0;20;0;0;0;0;600;170;0;30;0;320;0;1.0;1.0;2.0;1.0;1.0
51926;1;2;1;3.0;7;0;10;20;0;0;10;580;130;0;110;30;70;0;1.0;1.0;2.0;1.0;1.0
51930;1;1;1;2.0;9;0;10;0;0;0;0;520;60;0;0;0;300;0;2.0;2.0;1.0;2.0;2.0
51930;1;2;1;2.0;9;0;0;0;0;0;0;590;40;0;0;0;0;0;2.0;2.0;1.0;2.0;2.0
51934;1;1;1;3.0;8;00:00;00:00;00:00;00:00;00:00;01:00;10:00;00:50;00:00;01:10;00:00;02:20;00:00;2.0;2.0;2.0;2.0;2.0
51934;1;2;1;3.0;8;00:00;00:10;00:00;00:00;00:00;00:00;09:40;00:40;00:00;00:50;00:00;03:40;00:00;2.0;2.0;2.0;2.0;2.0
51944;1;1;1;1.0;5;340;30;10;0;0;0;480;70;0;150;90;0;0;120.0;120.0;120.0;120.0;120.0
51944;1;2;1;1.0;5;110;20;10;0;0;10;480;60;0;210;210;0;0;120.0;60.0;180.0;180.0;60.0
51946;2;1;1;3.0;4;390;10;0;0;20;0;100;80;0;20;0;0;0;300.0;0.0;420.0;0.0;0.0
51946;2;2;1;3.0;4;620;10;0;0;0;0;520;120;0;30;0;70;0;0.0;0.0;?;0.0;0.0
51948;2;1;2;2.0;8;0;50;30;0;0;80;520;110;0;100;70;190;0;2.0;2.0;2.0;1.0;2.0
51948;2;2;2;2.0;8;0;70;30;0;0;10;480;110;0;20;60;230;0;2.0;2.0;2.0;1.0;2.0
51959;1;1;1;2.0;9;0;0;30;0;0;0;600;100;0;150;60;190;0;2.0;2.0;2.0;1.0;2.0
51959;1;2;1;2.0;9;0;0;0;0;0;0;610;110;0;90;140;140;0;2.0;2.0;2.0;1.0;2.0
51960;2;1;1;1.0;7;0;20;20;0;0;30;530;120;0;150;0;120;0;1.0;1.0;1.0;1.0;1.0
51960;2;2;1;1.0;7;0;20;0;0;0;140;470;110;0;290;0;160;0;1.0;1.0;1.0;1.0;1.0
51967;1;1;1;3.0;7;420;80;20;0;0;?;440;90;0;50;50;0;10;2.0;2.0;?;2.0;2.0
51967;1;2;1;3.0;7;0;70;0;0;0;0;420;90;0;0;0;280;30;2.0;2.0;2.0;2.0;2.0
51971;1;1;2;3.0;6;0;0;0;0;0;0;480;130;0;80;10;0;0;1.0;2.0;1.0;1.0;2.0
51971;1;2;2;3.0;6;680;0;0;0;0;0;430;0;0;110;0;0;0;1.0;2.0;1.0;1.0;2.0
51973;1;1;1;2.0;5;0;0;0;0;0;50;600;60;0;0;0;220;0;1.0;2.0;2.0;1.0;1.0
51973;1;2;1;2.0;5;0;10;0;0;0;40;620;70;0;0;0;280;0;1.0;2.0;2.0;1.0;1.0
51980;1;1;2;2.0;6;0;0;0;0;0;0;570;140;0;0;0;210;0;1.0;1.0;1.0;2.0;1.0
51980;1;2;2;2.0;6;460;20;0;0;0;10;450;70;0;30;?;80;10;1.0;1.0;1.0;2.0;1.0
51981;2;1;1;1.0;5;0;0;0;0;0;50;470;160;0;0;0;300;0;?;?;?;?;?
51981;2;2;1;1.0;5;0;0;0;10;0;0;730;110;0;0;0;190;0;?;?;?;?;?
51983;1;1;2;3.0;8;?;40;30;0;0;20;360;40;0;20;0;140;10;1.0;2.0;1.0;1.0;2.0
51983;1;2;2;3.0;8;0;90;10;0;0;0;420;50;0;30;0;490;30;1.0;2.0;1.0;1.0;2.0
